timestamp, ax(m/s^2), ay(m/s^2), omega_z(rad/s)
1703098100545385472,-4.220040,13.123875,0.580202
1703098100562031360,-4.483028,12.996460,0.560975
1703098100578656512,-4.188855,12.872254,0.555478
1703098100595354112,-3.938748,12.810721,0.551324
1703098100612001024,-3.802426,12.718110,0.551823
1703098100620428288,-3.933099,12.778153,0.553221
1703098100628678144,-3.986302,12.743161,0.551160
1703098100637108480,-3.742416,12.653012,0.552595
1703098100645332736,-3.888517,12.673223,0.551164
1703098100653817600,-3.640530,12.591353,0.554300
1703098100661974528,-3.784741,12.624022,0.554743
1703098100670460160,-3.605260,12.551250,0.555860
1703098100678734592,-3.711473,12.529242,0.556639
1703098100687108096,-3.513282,12.435959,0.558075
1703098100695452928,-3.659692,12.508924,0.557742
1703098100703696640,-3.489476,12.373160,0.559505
1703098100712126464,-3.621655,12.457385,0.559039
1703098100720408576,-3.451735,12.349175,0.560099
1703098100728825088,-3.362987,12.289165,0.564088
1703098100737034496,-3.489929,12.323059,0.562519
1703098100745588480,-3.357903,12.267062,0.566073
1703098100753728512,-3.227479,12.179287,0.568835
1703098100762216192,-3.416035,12.217403,0.568018
1703098100770355968,-3.251854,12.147794,0.571021
1703098100778863360,-3.164165,12.095802,0.573138
1703098100787023872,-3.116886,12.100803,0.576142
1703098100795557120,-3.243232,12.119476,0.576899
1703098100812179200,-3.099386,12.066356,0.580051
1703098100828761088,-2.945616,12.005299,0.582928
1703098100845506816,-2.868561,11.914737,0.587860
1703098100853701120,-2.841588,11.902724,0.588325
1703098100862081280,-2.822764,11.827877,0.590234
1703098100870458624,-2.801778,11.859493,0.590716
1703098100878743296,-2.787850,11.821010,0.592654
1703098100887191552,-2.746904,11.892883,0.594217
1703098100895396352,-2.674746,11.845070,0.594189
1703098100903810816,-2.727700,11.841275,0.596415
1703098100912040960,-2.704499,11.797169,0.597836
1703098100920575488,-2.686690,11.826376,0.598561
1703098100928716800,-2.704925,11.832202,0.596482
1703098100937211392,-2.686542,11.763701,0.596137
1703098100945413376,-2.644541,11.844271,0.597294
1703098100953886720,-2.725086,11.763652,0.596512
1703098100970593536,-2.661597,11.781293,0.594349
1703098100978691840,-2.570858,11.706625,0.594599
1703098100987255296,-2.534451,11.763914,0.594593
1703098101003797760,-2.549876,11.673236,0.589069
1703098101012021504,-2.529408,11.701964,0.586018
1703098101020517376,-2.498302,11.655382,0.583543
1703098101028680192,-2.479960,11.629802,0.581144
1703098101037120768,-2.449083,11.611214,0.576688
1703098101045401856,-2.442135,11.586235,0.574450
1703098101053735168,-2.380270,11.531501,0.568481
1703098101062179328,-2.383670,11.544140,0.566175
1703098101070479872,-2.349909,11.490327,0.563615
1703098101078833152,-2.306353,11.441022,0.558347
1703098101087087360,-2.292180,11.374324,0.554474
1703098101095479808,-2.216389,11.324050,0.549407
1703098101103734784,-2.217920,11.323886,0.546423
1703098101112175360,-2.156734,11.218691,0.542722
1703098101120473088,-2.058551,11.140656,0.538869
1703098101128972032,-2.037344,11.094692,0.536329
1703098101137142784,-1.958275,11.062604,0.531289
1703098101145656576,-2.036374,10.981063,0.531911
1703098101153745664,-1.960880,10.944318,0.527295
1703098101162176000,-1.912428,10.833866,0.523943
1703098101170400512,-1.910458,10.812741,0.522269
1703098101178908416,-1.864723,10.747249,0.519054
1703098101187065600,-1.787946,10.695095,0.517659
1703098101195522560,-1.753709,10.564323,0.515354
1703098101203733504,-1.753474,10.594030,0.511701
1703098101212152320,-1.659817,10.463786,0.509372
1703098101220415744,-1.623433,10.440205,0.509077
1703098101237038592,-1.550337,10.253319,0.505491
1703098101245430528,-1.499277,10.223845,0.502461
1703098101253730304,-1.489534,10.160996,0.500323
1703098101270537216,-1.395684,10.046501,0.500345
1703098101278787584,-1.376574,9.954140,0.495311
1703098101287324160,-1.365612,10.010326,0.491931
1703098101295431424,-1.294166,9.869281,0.492302
1703098101303834624,-1.301676,9.810296,0.492468
1703098101312057088,-1.247062,9.794812,0.491861
1703098101320564736,-1.186744,9.725120,0.489333
1703098101328873216,-1.169195,9.652154,0.489543
1703098101337296896,-1.112790,9.638873,0.486337
1703098101345441280,-1.048888,9.537519,0.485611
1703098101354022912,-1.018182,9.465403,0.484055
1703098101362053888,-1.013879,9.408142,0.483590
1703098101370525184,-0.982113,9.413155,0.483160
1703098101378689280,-0.914920,9.354335,0.484610
1703098101387139840,-0.953023,9.289980,0.480454
1703098101395393536,-0.836998,9.270321,0.482955
1703098101403808512,-0.725763,9.236061,0.480793
1703098101412043008,-0.590296,9.155947,0.478579
1703098101420505856,-0.519811,9.158958,0.477846
1703098101428752384,-0.512563,9.093551,0.480445
1703098101437185024,-0.500457,9.023911,0.477118
1703098101445568512,-0.429366,9.009206,0.476383
1703098101453758208,-0.468999,8.974270,0.475155
1703098101470410240,-0.475375,8.858547,0.474179
1703098101478808576,-0.499701,8.796204,0.475119
1703098101487125248,-0.466459,8.791328,0.474342
1703098101495606528,-0.484015,8.748059,0.474137
1703098101503771648,-0.409387,8.721616,0.473119
1703098101523862016,-0.463475,8.637537,0.472190
1703098101532360448,-0.306284,6.203867,0.330467
1703098101540559616,-0.628530,11.977427,0.670277
1703098101549032448,-0.454412,8.629569,0.470976
1703098101557311232,1.659315,8.521688,0.470719
1703098101565618688,1.990353,8.482741,0.469247
1703098101574017024,2.067946,8.447805,0.471445
1703098101582307840,2.146058,8.351460,0.467524
1703098101590991616,2.090427,8.355349,0.468619
1703098101598892544,2.097553,8.325732,0.465676
1703098101615580416,2.126866,8.236344,0.463873
1703098101624023808,2.125354,8.240749,0.460640
1703098101632217088,2.123745,8.229525,0.462044
1703098101640708864,2.104550,8.183783,0.458648
1703098101648912896,2.126222,8.200790,0.457994
1703098101657433088,2.122005,8.155833,0.457090
1703098101665537024,2.164873,8.169041,0.455784
1703098101674018560,2.085941,8.089482,0.454158
1703098101690701824,2.161632,8.046961,0.455324
1703098101698887680,2.132237,8.067915,0.452593
1703098101707394560,2.119929,8.003658,0.452232
1703098101715586816,2.164363,8.057520,0.455169
1703098101724005120,2.136421,7.967000,0.452304
1703098101732344576,2.136745,7.999432,0.451511
1703098101740687616,2.138858,8.003216,0.451210
1703098101749097216,2.168740,8.018806,0.449587
1703098101757268480,2.166028,7.937063,0.450885
1703098101765781248,2.168884,7.933631,0.452858
1703098101773930752,2.144646,7.905054,0.450893
1703098101782493952,2.144945,7.936594,0.451074
1703098101799099648,2.147244,7.893782,0.451154
1703098101815741696,2.145135,7.916482,0.450475
1703098101823892992,2.137146,7.883992,0.451853
1703098101832383232,2.163797,7.910876,0.451150
1703098101840603136,2.221461,7.869397,0.450363
1703098101849081856,2.148776,7.879298,0.451721
1703098101857214976,2.162087,7.833466,0.451009
1703098101873901312,2.132874,7.907798,0.452803
1703098101882317056,2.143465,7.894379,0.453501
1703098101890652928,2.183284,7.837512,0.454271
1703098101907388928,2.206038,7.893003,0.454069
1703098101924048896,2.180845,7.871858,0.452611
1703098101932308480,2.186758,7.874649,0.453608
1703098101940572672,2.196353,7.859214,0.454029
1703098101948883712,2.170418,7.879834,0.452606
1703098101957352960,2.189751,7.901437,0.455153
1703098101965589248,2.206697,7.962048,0.451698
1703098101974050048,2.137023,7.900995,0.455007
1703098101982234368,2.189408,7.904759,0.453391
1703098101990678272,2.188893,7.893260,0.453725
1703098101998905600,2.188934,7.919746,0.455049
1703098102007371776,2.196299,7.921731,0.458139
1703098102015546112,2.182570,7.932762,0.456123
1703098102023992832,2.188681,7.926450,0.454031
1703098102032248320,2.171457,7.933088,0.456781
1703098102040720640,2.221531,7.974636,0.455249
1703098102048988672,2.174735,7.947072,0.455171
1703098102057300992,2.179541,7.970732,0.455544
1703098102065756160,2.215664,7.991931,0.457812
1703098102073935104,2.144744,7.949953,0.456687
1703098102090600448,2.150483,8.052091,0.456720
1703098102099052288,2.187767,8.028481,0.458627
1703098102107260672,2.168045,8.021222,0.458055
1703098102115909120,2.188955,8.038496,0.458305
1703098102123932416,2.151551,8.063633,0.459877
1703098102132539904,2.188062,8.027106,0.458411
1703098102140591616,2.171145,8.042563,0.458956
1703098102149083136,2.174214,8.084023,0.459734
1703098102157257216,2.153353,8.076262,0.461053
1703098102165683712,2.195606,8.119012,0.459901
1703098102173917952,2.164339,8.094376,0.458980
1703098102182460416,2.194340,8.123466,0.461272
1703098102190584576,2.169204,8.138938,0.460368
1703098102199021568,2.143288,8.142980,0.461440
1703098102207243520,2.166173,8.126912,0.461205
1703098102215728896,2.158767,8.149829,0.462024
1703098102223898624,2.151998,8.142962,0.461564
1703098102232340480,2.158160,8.134865,0.461563
1703098102240610560,2.168098,8.171619,0.461835
1703098102248969728,2.186521,8.208508,0.463136
1703098102265682944,2.196673,8.184677,0.463624
1703098102274063872,2.161886,8.234086,0.462802
1703098102282305792,2.133672,8.214404,0.461177
1703098102299005696,2.145768,8.220422,0.463437
1703098102315719168,2.158759,8.237362,0.462273
1703098102324075008,2.167667,8.316393,0.463665
1703098102340760064,2.137838,8.339268,0.464210
1703098102357391104,2.142943,8.356803,0.464872
1703098102365592320,2.131418,8.339890,0.464397
1703098102374040320,2.108179,8.333447,0.465210
1703098102382255104,2.125006,8.358382,0.464806
1703098102390751488,2.177057,8.387161,0.464406
1703098102398913024,2.147461,8.403987,0.465449
1703098102407428096,2.149579,8.364293,0.466129
1703098102415613184,1.793867,8.389959,0.466433
1703098102423991040,1.446258,8.453015,0.464891
1703098102432340480,1.064060,8.525363,0.465819
1703098102440687616,0.697869,8.506727,0.465248
1703098102449121280,0.315566,8.516508,0.469127
1703098102457379840,0.122526,8.494785,0.470327
1703098102465800704,-0.047496,8.528200,0.470758
1703098102473959680,-0.183370,8.542554,0.472556
1703098102482572288,-0.307722,8.572853,0.472571
1703098102490657792,-0.339502,8.524711,0.474034
1703098102499166208,-0.418553,8.613514,0.475087
1703098102507266816,-0.428258,8.569063,0.477059
1703098102532412416,-0.461416,8.625479,0.483063
1703098102549068032,-0.441448,8.707729,0.484117
1703098102557252608,-0.416288,8.687613,0.483964
1703098102565753088,1.997306,8.672484,0.487553
1703098102582361856,2.589401,8.697689,0.488236
1703098102590716672,2.623215,8.674198,0.486704
1703098102598982400,2.574409,8.695347,0.486101
1703098102607373056,2.587019,8.708022,0.485657
1703098102615703296,2.569183,8.752926,0.483040
1703098102624112896,2.584817,8.720237,0.483620
1703098102640795392,2.591768,8.765143,0.480126
1703098102648940288,2.573350,8.748495,0.478405
1703098102657389568,2.548882,8.747133,0.477902
1703098102665693696,2.551582,8.742365,0.477844
1703098102674232064,2.543184,8.780458,0.475338
1703098102682283776,2.518457,8.773192,0.475269
1703098102690844160,2.503796,8.764198,0.470820
1703098102698962688,2.506286,8.791426,0.472601
1703098102707408640,2.510828,8.783696,0.469845
1703098102715623168,2.506761,8.790761,0.470378
1703098102724061696,2.563297,8.835958,0.471323
1703098102732278784,2.427751,8.800005,0.468516
1703098102740793344,2.521379,8.783746,0.469175
1703098102748928512,2.444955,8.810225,0.468952
1703098102757395200,2.467696,8.812201,0.470244
1703098102765605632,2.445020,8.831258,0.466620
1703098102774005504,2.489994,8.802322,0.467765
1703098102782276096,2.444499,8.888699,0.468025
1703098102790744064,2.444025,8.781029,0.468068
1703098102798993664,2.437929,8.830490,0.466927
1703098102807351552,2.458715,8.804986,0.466016
1703098102815778048,2.422310,8.851476,0.467864
1703098102824033280,2.410520,8.807230,0.465475
1703098102832391168,2.417240,8.821131,0.468248
1703098102840643072,2.438881,8.852068,0.464834
1703098102849073152,2.433523,8.850304,0.465654
1703098102857459200,2.399058,8.847174,0.466717
1703098102865778176,2.396995,8.861730,0.466734
1703098102873964288,2.414601,8.859447,0.466264
1703098102882507520,2.354932,8.859759,0.466227
1703098102890661632,2.362460,8.836061,0.468491
1703098102899042560,2.412304,8.871309,0.466724
1703098102907373824,2.376960,8.912311,0.465850
1703098102932403968,2.370090,8.903501,0.465628
1703098102940651776,2.336414,8.918097,0.466783
1703098102957279488,2.298819,8.879760,0.468363
1703098102973920256,2.333817,8.947798,0.467682
1703098102990725376,2.311396,8.963304,0.466988
1703098103024107264,2.293403,8.908921,0.470289
1703098103040733184,2.297551,8.949524,0.468604
1703098103048962560,2.266077,9.014009,0.468625
1703098103057472000,2.346687,8.976211,0.469916
1703098103065643520,2.213289,9.051092,0.471197
1703098103074141184,2.259920,9.030643,0.470470
1703098103082368768,2.307026,9.035805,0.469981
1703098103090893312,2.286262,9.046424,0.469872
1703098103098919936,2.278491,9.068281,0.470223
1703098103107572480,2.264874,9.019832,0.471135
1703098103124056320,2.225814,9.103792,0.471119
1703098103140809216,2.226360,9.080419,0.473476
1703098103148942336,2.233827,9.047818,0.472012
1703098103157517824,2.266482,9.108793,0.473197
1703098103174096896,2.217296,9.161768,0.473892
1703098103190704128,2.225522,9.180755,0.474086
1703098103223977984,2.231206,9.184918,0.475866
1703098103232607232,2.160235,9.186916,0.475291
1703098103249175296,2.171867,9.194035,0.474564
1703098103257396736,2.201004,9.278606,0.476862
1703098103265725184,2.212504,9.295670,0.476403
1703098103274007552,2.185227,9.290851,0.476406
1703098103282540288,2.227972,9.270829,0.477003
1703098103290747136,2.170929,9.247151,0.478390
1703098103299124480,2.120457,9.312963,0.477843
1703098103307390976,2.222369,9.306678,0.476168
1703098103315791872,2.157488,9.315385,0.476858
1703098103324035328,2.158640,9.332987,0.477580
1703098103332413952,2.164893,9.360096,0.478882
1703098103349124096,2.142045,9.390408,0.479925
1703098103357463808,2.152776,9.426452,0.478631
1703098103365697792,2.154771,9.393831,0.478269
1703098103382353152,2.127589,9.413067,0.478957
1703098103391048192,2.130129,9.436256,0.478344
1703098103399011840,2.098413,9.409215,0.481239
1703098103407657984,2.140037,9.471256,0.479413
1703098103424196864,1.810838,9.491747,0.480019
1703098103440890624,1.172074,9.562842,0.481589
1703098103449008896,0.809241,9.646850,0.481845
1703098103457430528,0.475123,9.614324,0.482180
1703098103465662208,0.293228,9.576680,0.485056
1703098103474176000,0.068006,9.648914,0.485004
1703098103482336512,-0.102667,9.632787,0.488292
1703098103490756608,-0.201706,9.646048,0.488282
1703098103499056128,-0.280185,9.686257,0.491887
1703098103507472128,-0.345891,9.655987,0.490423
1703098103524060672,-0.430251,9.662891,0.496887
1703098103532484352,-0.426282,9.728012,0.497577
1703098103540753152,-0.448141,9.765114,0.499573
1703098103549202688,-0.456992,9.737687,0.500969
1703098103557415680,-0.464249,9.769149,0.503148
1703098103565972736,-0.538343,9.821843,0.506057
1703098103574024960,1.551323,9.846666,0.506755
1703098103582885376,2.106532,9.784222,0.506248
1703098103599290368,2.332214,9.767243,0.508101
1703098103607398656,2.460448,9.822954,0.507301
1703098103615832064,2.430282,9.793522,0.505645
1703098103624049152,2.400079,9.875022,0.504140
1703098103640703744,2.393186,9.862766,0.501507
1703098103649115648,2.421870,9.890053,0.502289
1703098103657351168,2.408734,9.894153,0.500896
1703098103665772288,2.349027,9.873186,0.498986
1703098103673999360,2.317058,9.904086,0.496462
1703098103682433024,2.331384,9.893123,0.494979
1703098103690790656,2.316714,9.928293,0.494743
1703098103699098880,2.302032,9.912162,0.491222
1703098103707457024,2.355877,9.916424,0.492256
1703098103715802112,2.334435,9.921369,0.492026
1703098103724215296,2.307413,9.894104,0.490386
1703098103732390400,2.275319,9.933743,0.489435
1703098103740768512,2.222365,9.978615,0.490266
1703098103749172224,2.214640,9.955091,0.487585
1703098103757572864,2.251450,9.953186,0.488973
1703098103765717504,2.198898,9.984039,0.487395
1703098103774235904,2.193355,9.937096,0.487318
1703098103782397184,2.216360,9.943204,0.486647
1703098103790874112,2.174152,9.976040,0.483569
1703098103799053056,2.219669,9.961036,0.485517
1703098103807510272,2.196695,9.934737,0.485880
1703098103815709696,2.137125,9.996613,0.484997
1703098103832365312,2.173990,10.003915,0.483747
1703098103840842240,2.163120,10.002980,0.484778
1703098103857453568,2.078834,9.993481,0.483457
1703098103865891328,2.041904,9.999254,0.483079
1703098103882447104,1.996798,10.003005,0.483433
1703098103890746624,1.968994,9.979076,0.483373
1703098103899134976,1.875127,10.023685,0.483395
1703098103907437312,1.886313,10.005728,0.484998
1703098103915894016,1.751166,10.052241,0.483043
1703098103924104960,1.678916,10.070564,0.483942
1703098103932608768,1.641618,10.049464,0.484247
1703098103940730112,1.570143,10.082952,0.485605
1703098103949272832,1.500764,10.092349,0.484910
1703098103957390848,1.365054,10.047529,0.483418
1703098103965831424,1.331763,10.116598,0.487229
1703098103974061568,1.188914,10.148828,0.487671
1703098103982569728,1.076502,10.113447,0.489282
1703098103990760960,1.016261,10.067250,0.489396
1703098104007368192,0.863845,10.139028,0.493383
1703098104015835392,0.720646,10.182072,0.492545
1703098104024018688,0.673857,10.162859,0.494331
1703098104032541184,0.590899,10.191403,0.495471
1703098104040807424,0.451746,10.200129,0.496071
1703098104049160192,0.438622,10.250592,0.497757
1703098104065801728,0.204329,10.252929,0.499128
1703098104074221824,0.161931,10.291135,0.502292
1703098104090931200,0.008019,10.262923,0.505502
1703098104099140608,-0.081393,10.272074,0.506890
1703098104107584256,-0.151164,10.269723,0.508263
1703098104115772416,-0.198087,10.342379,0.510236
1703098104124225024,-0.299901,10.340377,0.509948
1703098104132421632,-0.367510,10.319760,0.513489
1703098104140938240,-0.452013,10.356811,0.514187
1703098104149050112,-0.491187,10.358995,0.515782
1703098104157552640,-0.549423,10.407137,0.516389
1703098104165797376,-0.656478,10.398258,0.516752
1703098104174202880,-0.638485,10.438455,0.519129
1703098104182463744,-0.703695,10.439125,0.518880
1703098104190881792,-0.760272,10.464032,0.520971
1703098104199177728,-0.821543,10.489665,0.520198
1703098104207505664,-0.824336,10.502906,0.522886
1703098104215763456,-0.938372,10.532160,0.524615
1703098104224200192,-0.982057,10.530451,0.524203
1703098104232551680,-1.005672,10.563748,0.524985
1703098104240784896,-1.023091,10.606814,0.526839
1703098104249250816,-1.064724,10.587703,0.527516
1703098104257480192,-1.131062,10.589508,0.529012
1703098104265910784,-1.128517,10.627390,0.527920
1703098104274102272,-1.166933,10.599992,0.529757
1703098104282705408,-1.189608,10.685408,0.528689
1703098104299195392,-1.236308,10.658751,0.529811
1703098104315878144,-1.292372,10.722044,0.531812
1703098104324079872,-1.288318,10.742842,0.531588
1703098104332577024,-1.301453,10.720036,0.531972
1703098104340727552,-1.317665,10.780048,0.534069
1703098104349185024,-1.339125,10.780014,0.532383
1703098104357425408,-1.298271,10.743569,0.535364
1703098104365831680,-1.345370,10.752845,0.533223
1703098104374054400,-1.320522,10.809747,0.533259
1703098104382517760,-1.307846,10.865051,0.534690
1703098104390767360,-1.222976,10.826880,0.534524
1703098104399163648,-1.234925,10.866210,0.534017
1703098104407555840,-1.203920,10.860686,0.534811
1703098104415788544,-1.130669,10.891581,0.535855
1703098104424231680,-1.065442,10.931795,0.535267
1703098104432425472,-0.931685,10.890044,0.535107
1703098104440904448,-0.779075,10.939562,0.536421
1703098104449231616,-0.689869,10.951398,0.535675
1703098104457527808,-0.667917,10.989794,0.536282
1703098104465780224,-0.671126,10.913598,0.536032
1703098104474252800,-0.562956,10.951040,0.536122
1703098104482438912,-0.594580,10.966921,0.536663
1703098104490914816,-0.580793,10.981139,0.536328
1703098104499062272,-0.516445,10.990553,0.535749
1703098104507597568,-0.527366,10.933898,0.535200
1703098104532414976,-0.550338,10.927619,0.534353
1703098104540896000,-0.524351,10.967913,0.535025
1703098104549089536,-0.601142,11.018352,0.536437
1703098104557513728,-0.550834,11.010892,0.535556
1703098104565740032,-0.536711,10.987403,0.533556
1703098104574153728,-0.502994,10.969281,0.532991
1703098104582466816,-1.726284,10.809216,0.532788
1703098104590972416,-2.036274,10.838587,0.529669
1703098104599161856,-2.054746,10.789933,0.530216
1703098104607531008,-2.010365,10.786808,0.530102
1703098104615908608,-1.949582,10.869707,0.529459
1703098104624152320,-1.897821,10.844705,0.527856
1703098104632552960,-1.792003,10.873562,0.529522
1703098104640768000,-1.692402,10.865941,0.528269
1703098104649240320,-1.622410,10.896406,0.528053
1703098104657483520,-1.538426,10.914768,0.530449
1703098104674117888,-1.398477,10.907708,0.530846
1703098104682653952,-1.350810,10.932870,0.529303
1703098104690735872,-1.275122,10.936080,0.531232
1703098104699308288,-1.126223,10.957836,0.531246
1703098104707422720,-1.087551,10.927339,0.529713
1703098104715860736,-1.053968,10.939874,0.529764
1703098104724071168,-0.954726,10.931004,0.532865
1703098104732548608,-0.850375,10.929216,0.531035
1703098104740784128,-0.817139,10.947650,0.531994
1703098104749189376,-0.790927,10.966576,0.531389
1703098104757409792,-0.720387,10.875679,0.529437
1703098104765831680,-0.618441,10.911827,0.529939
1703098104774067456,-0.575283,10.898144,0.530078
1703098104782516992,-0.559561,10.872444,0.530877
1703098104790755584,-0.460911,10.852030,0.530982
1703098104799190528,-0.379066,10.906268,0.530112
1703098104807501056,-0.383299,10.882666,0.528429
1703098104815785216,-0.323401,10.874410,0.528216
1703098104824219136,-0.249416,10.891364,0.527577
1703098104832475904,-0.193873,10.789308,0.527782
1703098104840941824,-0.171471,10.840489,0.526944
1703098104849188608,-0.104117,10.852374,0.526823
1703098104857509376,-0.036056,10.832972,0.526974
1703098104865847040,-0.072342,10.823582,0.526666
1703098104874251520,0.011315,10.802173,0.523525
1703098104890998016,0.080398,10.765038,0.523567
1703098104899100672,0.123253,10.737347,0.523732
1703098104907615488,0.205457,10.728287,0.525138
1703098104915740416,0.194138,10.759802,0.522448
1703098104924193024,0.309938,10.727344,0.523629
1703098104940923648,0.343547,10.682094,0.521125
1703098104957545472,0.384573,10.671705,0.519487
1703098104965741312,0.396696,10.705755,0.519310
1703098104974219264,0.406774,10.655155,0.519144
1703098104982437888,0.430179,10.615180,0.518612
1703098104990941952,0.517289,10.648060,0.517795
1703098105007537408,0.519744,10.597404,0.517996
1703098105015988480,0.547330,10.554839,0.515979
1703098105024126464,0.600668,10.592410,0.516143
1703098105032557824,0.583463,10.563479,0.515022
1703098105040818688,0.632866,10.543429,0.514906
1703098105049166848,0.665560,10.539186,0.514090
1703098105057507840,0.640470,10.486291,0.513300
1703098105065956608,0.726628,10.513051,0.515556
1703098105074121472,0.657566,10.496657,0.512824
1703098105082707712,0.714459,10.497383,0.513528
1703098105099178496,0.815575,10.467640,0.511608
1703098105107426560,0.781711,10.438790,0.510325
1703098105115990528,0.840267,10.421593,0.511088
1703098105124072960,0.831525,10.441543,0.510597
1703098105140772608,0.832361,10.402601,0.509034
1703098105157406976,0.943120,10.371400,0.509617
1703098105165841664,0.854304,10.411305,0.508148
1703098105174060544,0.945736,10.367152,0.508128
1703098105182548736,0.939124,10.340349,0.506564
1703098105190817536,0.949099,10.358945,0.506900
1703098105199132160,1.005695,10.297029,0.507319
1703098105207525376,0.969831,10.332764,0.507070
1703098105215815936,1.030616,10.315137,0.505336
1703098105224189184,0.980154,10.257424,0.507851
1703098105232507136,1.025896,10.244048,0.504359
1703098105240871168,1.043576,10.240657,0.504736
1703098105249143040,1.032555,10.292559,0.504263
1703098105257659648,1.074137,10.295019,0.504972
1703098105265801472,1.097096,10.293869,0.504771
1703098105274314752,1.131621,10.202388,0.503184
1703098105282436608,1.111138,10.250481,0.504280
1703098105290961152,1.141301,10.203111,0.503556
1703098105299102464,1.092020,10.232827,0.504016
1703098105307553024,1.127268,10.219085,0.503816
1703098105315819008,1.186658,10.175537,0.502195
1703098105324194048,1.215738,10.151323,0.502921
1703098105332433408,1.179064,10.191203,0.501383
1703098105349084416,1.232280,10.139004,0.502484
1703098105357538816,1.216869,10.144339,0.503472
1703098105365740288,1.243828,10.098260,0.502419
1703098105374177024,1.235264,10.165028,0.501890
1703098105390821376,1.257702,10.147371,0.499773
1703098105399148800,1.270800,10.127556,0.502301
1703098105407493120,1.253013,10.127409,0.501404
1703098105424110080,1.304908,10.126989,0.501991
1703098105432527872,1.251210,10.086646,0.500502
1703098105440783872,1.315792,10.094639,0.499549
1703098105449303552,1.322705,10.132579,0.500504
1703098105457527296,1.280375,10.125934,0.500857
1703098105465876992,1.323429,10.121620,0.500309
1703098105474145536,1.338148,10.057085,0.499080
1703098105482680576,1.312237,10.082981,0.500085
1703098105490854144,1.352435,10.106709,0.499083
1703098105499200256,1.386312,10.120550,0.500385
1703098105507505152,1.350062,10.061515,0.498105
1703098105532587776,1.352142,10.077873,0.496627
1703098105549282560,1.394841,10.057797,0.498283
1703098105565892096,1.401835,10.031414,0.498606
1703098105574066688,1.459441,10.068492,0.498583
1703098105582537984,1.384846,10.067358,0.497274
1703098105591012096,1.383084,10.045545,0.498139
1703098105599148288,1.407954,10.058022,0.497684
1703098105607625984,1.447517,10.061675,0.497687
1703098105615802112,1.417857,10.005488,0.497429
1703098105624222976,1.451633,10.043962,0.497335
1703098105632477696,1.473318,10.040223,0.496510
1703098105641024000,1.489148,10.027147,0.496847
1703098105649162496,1.477670,10.056251,0.498461
1703098105657642240,1.458326,10.068602,0.497889
1703098105665817600,1.462548,10.041466,0.496564
1703098105674404096,1.490272,10.124109,0.497225
1703098105682424832,1.450789,10.001646,0.498865
1703098105690979840,1.472297,10.049075,0.497417
1703098105699094272,1.521409,10.114109,0.498214
1703098105707586560,1.456121,10.004879,0.496573
1703098105715751168,1.519664,10.077773,0.496953
1703098105724240896,1.563133,10.050398,0.498776
1703098105732426240,1.534318,10.066782,0.497253
1703098105740889600,1.526242,10.041042,0.498514
1703098105749089280,1.527401,10.067429,0.497300
1703098105765756672,1.526904,10.049434,0.495609
1703098105782446080,1.517601,10.076649,0.497340
1703098105790892288,1.566239,10.048467,0.497259
1703098105799180800,1.531913,10.079570,0.496766
1703098105807484416,1.536763,10.072484,0.497041
1703098105815892992,1.580571,10.059930,0.498048
1703098105824143616,1.561533,10.055075,0.497537
1703098105832529920,1.545572,10.047138,0.497277
1703098105840765696,1.541730,10.113517,0.497449
1703098105849185536,1.557908,10.120552,0.497377
1703098105857471232,1.529814,10.113645,0.497221
1703098105866012160,1.550198,10.082296,0.496381
1703098105874086144,1.600915,10.086630,0.497391
1703098105882547712,1.599601,10.097961,0.496536
1703098105890776832,1.582319,10.091014,0.497752
1703098105899325696,1.565163,10.055597,0.499026
1703098105907518464,1.566834,10.081735,0.495848
1703098105915874048,1.584509,10.097731,0.499061
1703098105924105728,1.573356,10.131889,0.497121
1703098105932602624,1.576962,10.138475,0.497331
1703098105940761856,1.579562,10.139949,0.498080
1703098105949233920,1.610511,10.053643,0.494893
1703098105957465344,1.668560,10.089467,0.496273
1703098105965884928,1.592844,10.138430,0.497608
1703098105974176256,1.646250,10.122242,0.495784
1703098105982490624,1.563093,10.142670,0.496656
1703098105999129600,1.583018,10.142970,0.495427
1703098106007559168,1.589336,10.137944,0.497467
1703098106015852800,1.605664,10.177588,0.498106
1703098106024295424,1.627412,10.182605,0.497698
1703098106032534784,1.610168,10.136943,0.496922
1703098106040947200,1.657744,10.150497,0.497513
1703098106049130752,1.624537,10.124902,0.497238
1703098106057681408,1.624658,10.177967,0.496470
1703098106065779968,1.323615,10.126506,0.498487
1703098106082439680,0.668523,10.221297,0.498233
1703098106090926080,0.401395,10.207604,0.498509
1703098106099087616,0.201961,10.198693,0.499473
1703098106107620352,0.009134,10.233469,0.499786
1703098106115787008,-0.173407,10.202089,0.500273
1703098106124253696,-0.225048,10.194342,0.501089
1703098106132443392,-0.317456,10.192974,0.503337
1703098106140909568,-0.354562,10.272991,0.502895
1703098106149093888,-0.481763,10.258636,0.506873
1703098106157538816,-0.460463,10.278236,0.507643
1703098106165811968,-0.484709,10.305284,0.507855
1703098106174165760,-0.519025,10.304725,0.509059
1703098106190851072,-0.450609,10.340809,0.513664
1703098106207568896,-0.484520,10.352741,0.515493
1703098106215972352,1.249720,10.353230,0.514309
1703098106224113152,1.680453,10.369920,0.518088
1703098106232707584,1.887391,10.382104,0.518349
1703098106240823808,2.000822,10.359782,0.517797
1703098106249215744,2.061361,10.423684,0.518978
1703098106257464832,2.107687,10.344716,0.515957
1703098106265902592,2.058111,10.366521,0.513521
1703098106274089984,1.996414,10.392123,0.512813
1703098106282526208,1.993550,10.384996,0.512520
1703098106290746624,2.031173,10.367380,0.510962
1703098106299290880,2.016969,10.356528,0.509153
1703098106307434240,2.034494,10.377874,0.508210
1703098106315828992,2.048467,10.372420,0.507299
1703098106324189696,2.012916,10.410012,0.505134
1703098106332496896,1.988365,10.372825,0.502890
1703098106340900608,1.922350,10.377306,0.502099
1703098106349126144,1.976568,10.366330,0.503443
1703098106357617664,1.868800,10.397241,0.501805
1703098106365789696,1.868214,10.423388,0.500150
1703098106374319360,1.821316,10.455213,0.498966
1703098106382535680,1.771669,10.436458,0.496657
1703098106391059968,1.763485,10.430423,0.498107
1703098106407769600,1.561187,10.407962,0.496219
1703098106424388352,1.418668,10.469452,0.497334
1703098106440920832,1.251379,10.453380,0.496107
1703098106457528064,1.069582,10.414646,0.497510
1703098106465775616,0.987902,10.450762,0.498628
1703098106474253824,0.885750,10.474684,0.497403
1703098106482467840,0.806417,10.493337,0.498658
1703098106490938368,0.669618,10.464415,0.499331
1703098106499182080,0.581294,10.483236,0.499301
1703098106507546112,0.593920,10.487717,0.501499
1703098106515917312,0.483596,10.514543,0.501651
1703098106532583680,0.274546,10.466644,0.503574
1703098106540871424,0.203730,10.538386,0.506647
1703098106549225472,0.107370,10.484625,0.506972
1703098106557560576,0.075161,10.521097,0.506679
1703098106566021120,-0.028222,10.512552,0.509397
1703098106574100480,-0.129624,10.510609,0.509968
1703098106582435584,-0.202068,10.549174,0.510685
1703098106590727424,-0.266742,10.558301,0.512130
1703098106599309568,-0.284677,10.548893,0.511739
1703098106607454208,-0.411046,10.531448,0.513513
1703098106615878144,-0.442047,10.550742,0.516275
1703098106624070144,-0.510601,10.619010,0.515773
1703098106632604672,-0.603593,10.609288,0.518180
1703098106640937984,-0.694999,10.631399,0.518712
1703098106649283840,-0.710604,10.547666,0.517269
1703098106657558784,-0.720652,10.629521,0.522284
1703098106665847808,-0.750986,10.651741,0.520368
1703098106674232320,-0.800871,10.610632,0.522542
1703098106682535168,-0.907352,10.599442,0.524282
1703098106691036160,-0.941128,10.665252,0.524932
1703098106699133952,-0.950677,10.649592,0.524506
1703098106707691776,-1.036826,10.716527,0.524716
1703098106715804416,-1.043867,10.688187,0.526828
1703098106724344320,-1.101516,10.699884,0.528049
1703098106732473600,-1.103586,10.705823,0.526876
1703098106740970496,-1.202377,10.713805,0.530186
1703098106749134336,-1.131079,10.675124,0.530353
1703098106757668608,-1.197988,10.731510,0.528836
1703098106765796352,-1.183344,10.749651,0.530965
1703098106774269440,-1.201230,10.762433,0.529989
1703098106782476544,-1.167788,10.759248,0.531502
1703098106790933504,-1.217569,10.775770,0.531754
1703098106799129600,-1.196136,10.815087,0.531371
1703098106815834624,-1.208740,10.874262,0.533391
1703098106832656384,-1.136542,10.870554,0.534553
1703098106840917248,-1.103127,10.870779,0.534983
1703098106849272832,-1.066216,10.835161,0.534912
1703098106857554688,-1.035598,10.935181,0.534313
1703098106866034176,-0.981254,10.918874,0.535011
1703098106874146560,-0.932640,10.924230,0.533198
1703098106890849536,-0.811869,10.968550,0.533598
1703098106899286528,-0.756124,10.945486,0.534967
1703098106907560192,-0.669608,10.947510,0.533114
1703098106915929600,-0.614689,10.965100,0.534896
1703098106924139264,-0.606097,10.990695,0.536365
1703098106932644096,-0.491976,10.939521,0.535138
1703098106940812032,-0.456749,10.963741,0.535959
1703098106949243392,-0.431607,10.938399,0.535347
1703098106957463040,-0.315485,10.944369,0.532708
1703098106965892352,-0.265395,10.970557,0.535587
1703098106974117376,-0.213869,11.021823,0.533627
1703098106982594304,-0.145339,10.965418,0.534808
1703098106990862592,-0.144817,10.980294,0.535363
1703098106999250944,-0.132130,10.985617,0.534146
1703098107007570944,0.013555,10.963952,0.532438
1703098107015867392,0.033910,10.989217,0.533094
1703098107032632064,0.063710,10.969715,0.532614
1703098107040947712,0.130604,10.968315,0.530922
1703098107049285888,0.143499,10.955814,0.530944
1703098107065824256,0.293048,10.958255,0.529815
1703098107074384128,0.022673,10.939784,0.531261
1703098107082502656,-0.136734,10.992755,0.530431
1703098107091001856,-0.323122,10.916331,0.528825
1703098107099133952,-0.339951,10.930025,0.528009
1703098107107683328,-0.428709,10.896238,0.526602
1703098107115841792,-0.470133,10.965276,0.527794
1703098107124329984,-0.497503,10.938245,0.528624
1703098107132469504,-0.481929,10.917600,0.527079
1703098107140997888,-0.510056,10.913063,0.527783
1703098107149138944,-0.471170,10.922948,0.528494
1703098107157584128,-0.492097,10.906222,0.525889
1703098107165804032,-0.490556,10.853158,0.527430
1703098107174240512,-0.492580,10.865715,0.528556
1703098107182465536,-0.512125,10.874614,0.528600
1703098107190882560,-0.519660,10.836685,0.525718
1703098107199224064,-0.529950,10.875283,0.527864
1703098107207583232,-0.560855,10.895477,0.526842
1703098107216012800,-0.548724,10.877635,0.527983
1703098107224171008,-0.977371,10.846533,0.529133
1703098107232602880,-1.060845,10.804860,0.526641
1703098107240884224,-1.014647,10.785753,0.526901
1703098107249325568,-0.982574,10.838407,0.525331
1703098107265984512,-0.841004,10.797834,0.525859
1703098107282747392,-0.750901,10.840246,0.526793
1703098107290890752,-0.693340,10.823795,0.527448
1703098107299394816,-0.559802,10.805506,0.526798
1703098107307476480,-0.524466,10.838241,0.527234
1703098107315975680,-0.487588,10.716900,0.527494
1703098107324160512,-0.448835,10.823150,0.526926
1703098107332622080,-0.393667,10.808895,0.529344
1703098107340792832,-0.376805,10.845334,0.529197
1703098107349256192,-0.284886,10.806758,0.527110
1703098107357514240,-0.241062,10.774400,0.526608
1703098107365896704,-0.176475,10.803054,0.525793
1703098107374146560,-0.145541,10.796758,0.525494
1703098107382626816,-0.115212,10.763687,0.527282
1703098107390860288,-0.083706,10.773528,0.524930
1703098107399257600,-0.019129,10.785970,0.525561
1703098107407599872,-0.007846,10.801183,0.525039
1703098107415877632,0.062378,10.775681,0.523941
1703098107424281856,0.084913,10.717649,0.525565
1703098107432564224,0.195108,10.732267,0.524536
1703098107441151488,0.152747,10.809691,0.525052
1703098107457682176,0.240826,10.759993,0.525913
1703098107465945344,0.288545,10.690415,0.522903
1703098107474385408,0.312904,10.744089,0.522201
1703098107491314944,0.387870,10.652987,0.522042
1703098107499313408,0.442021,10.646738,0.521692
1703098107507750400,0.413207,10.635335,0.518939
1703098107524546304,0.483492,10.640599,0.520075
1703098107541067264,0.550568,10.605463,0.518897
1703098107549240576,0.579110,10.591408,0.517504
1703098107557749504,0.560871,10.598394,0.517024
1703098107565968640,0.622588,10.625640,0.517851
1703098107574335232,0.620882,10.592796,0.515148
1703098107583123456,0.683357,10.577026,0.517229
1703098107590950912,0.681184,10.557797,0.515003
1703098107599575808,0.724495,10.543784,0.514541
1703098107607518464,0.658629,10.513943,0.515588
1703098107616188160,0.744010,10.527220,0.515152
1703098107624289024,0.751570,10.487363,0.512180
1703098107632882176,0.746830,10.535501,0.513895
1703098107640842496,0.778762,10.525720,0.513495
1703098107649455104,0.805379,10.477529,0.513150
1703098107657549568,0.817298,10.523046,0.510269
1703098107666104064,0.867808,10.441297,0.511681
1703098107674329856,0.801603,10.450809,0.511802
1703098107690909184,0.894533,10.426629,0.509504
1703098107699378432,0.917949,10.452528,0.510360
1703098107707619584,0.914336,10.396750,0.509267
1703098107724218624,0.924578,10.424382,0.509727
1703098107732701696,0.983626,10.372074,0.510292
1703098107741121280,1.013434,10.429270,0.508947
1703098107757800448,1.069633,10.433088,0.507899
1703098107766038272,1.070227,10.312505,0.507083
1703098107774475776,1.005167,10.339115,0.507306
1703098107782637824,1.049102,10.368772,0.507154
1703098107791182592,1.062326,10.333642,0.506989
1703098107799161344,1.083895,10.370099,0.507722
1703098107807925504,1.087129,10.326163,0.505737
1703098107816041728,1.100015,10.326562,0.505203
1703098107824280576,1.086783,10.243539,0.505686
1703098107832673536,1.100672,10.264204,0.506201
1703098107841074688,1.117937,10.346434,0.505226
1703098107849198848,1.198246,10.272923,0.505370
1703098107857760256,1.180680,10.280955,0.502489
1703098107865972224,1.150115,10.261848,0.504785
1703098107874487808,1.241485,10.235067,0.504878
1703098107882590720,1.228312,10.277333,0.504217
1703098107891199232,1.219121,10.239464,0.503120
1703098107899257088,1.201504,10.249051,0.504048
1703098107907695104,1.224780,10.241006,0.503856
1703098107915993088,1.185353,10.197857,0.500387
1703098107932778496,1.202156,10.260221,0.502943
1703098107941028864,1.303436,10.217338,0.502852
1703098107949587200,1.255987,10.236442,0.501739
1703098107957634560,1.289852,10.144036,0.501352
1703098107966208256,1.313771,10.196658,0.502082
1703098107974447104,1.269494,10.171951,0.501297
1703098107983033088,1.359527,10.236458,0.501614
1703098107990945024,1.289710,10.179813,0.501252
1703098107999391232,1.323245,10.196374,0.501164
1703098108007725568,1.282644,10.167413,0.499216
1703098108015953152,1.379059,10.242861,0.501893
1703098108024353280,1.310151,10.145476,0.498872
1703098108032779008,1.340222,10.113068,0.501800
1703098108041030912,1.371019,10.151994,0.500361
1703098108049426688,1.351705,10.192823,0.501477
1703098108057481984,1.395562,10.124578,0.501070
1703098108066057216,1.347826,10.170188,0.499400
1703098108082774016,1.393499,10.167662,0.500463
1703098108091107584,1.407027,10.193745,0.497941
1703098108099358976,1.422449,10.153072,0.498373
1703098108107824640,1.371761,10.118496,0.499921
1703098108124387328,1.414617,10.141011,0.499321
1703098108132749824,1.472924,10.143148,0.499785
1703098108141036032,1.452375,10.146715,0.498367
1703098108149305856,1.438172,10.144792,0.499615
1703098108157762560,1.444747,10.115265,0.500634
1703098108166017536,1.426574,10.116202,0.499173
1703098108174461184,1.505971,10.125576,0.499548
1703098108182509824,1.418754,10.116287,0.498252
1703098108191193344,1.459699,10.135859,0.498667
1703098108199193344,1.510056,10.120406,0.499356
1703098108207739904,1.486220,10.130245,0.499401
1703098108215825920,1.451500,10.140846,0.498139
1703098108224258048,1.486660,10.124168,0.498893
1703098108232498176,1.499561,10.149309,0.499844
1703098108240964096,1.461297,10.160222,0.499825
1703098108249179904,1.492674,10.118376,0.499665
1703098108257663488,1.475289,10.103658,0.500668
1703098108265944320,1.525207,10.143164,0.500209
1703098108274270720,1.476284,10.174883,0.499048
1703098108282585344,1.523200,10.122444,0.498568
1703098108299261440,1.537667,10.139477,0.498767
1703098108307664384,1.523627,10.154192,0.499124
1703098108316072960,1.527572,10.156521,0.499675
1703098108324220416,1.531619,10.168172,0.498106
1703098108332684544,1.564100,10.151592,0.499811
1703098108340965888,1.528215,10.102783,0.500158
1703098108349320192,1.535350,10.207195,0.498329
1703098108366040576,1.558615,10.178803,0.498247
1703098108374233344,1.558275,10.167978,0.498120
1703098108382904320,1.548903,10.166392,0.500477
1703098108390928640,1.553314,10.147021,0.497821
1703098108399367424,1.533687,10.208689,0.499620
1703098108407722240,1.547115,10.204820,0.498432
1703098108416141568,1.534596,10.135445,0.496581
1703098108424233216,1.584053,10.137025,0.497872
1703098108432744192,1.547133,10.198267,0.498753
1703098108440869888,1.585770,10.176297,0.497873
1703098108449373184,1.556169,10.212916,0.497793
1703098108457556480,1.597494,10.196984,0.497078
1703098108466036736,1.578221,10.246733,0.498484
1703098108474191872,1.600684,10.166451,0.497859
1703098108482658304,1.608133,10.188146,0.497040
1703098108490981376,1.614695,10.222853,0.498768
1703098108499318784,1.588643,10.193644,0.497956
1703098108507627776,1.574796,10.175891,0.498905
1703098108515907840,1.608148,10.201124,0.497478
1703098108532582144,1.590540,10.241556,0.498548
1703098108540995584,1.604961,10.204689,0.495526
1703098108549369344,1.607268,10.284717,0.501970
1703098108557729024,1.235943,10.233824,0.497946
1703098108565891584,0.998627,10.294231,0.497025
1703098108574433024,0.688822,10.267554,0.498199
1703098108582575360,0.355854,10.234873,0.498122
1703098108591055104,0.176614,10.295554,0.498197
1703098108599223808,-0.032524,10.233938,0.499703
1703098108607718144,-0.146304,10.256226,0.501002
1703098108615956992,-0.276494,10.247683,0.500101
1703098108624365824,-0.340764,10.319894,0.504542
1703098108632603904,-0.421460,10.308097,0.507146
1703098108641061376,-0.433224,10.326159,0.506877
1703098108657684992,-0.447716,10.345927,0.508587
1703098108665912576,-0.534144,10.346810,0.511056
1703098108674339584,-0.504352,10.334570,0.512177
1703098108682627072,-0.511918,10.398475,0.513743
1703098108690968064,-0.481039,10.426208,0.513930
1703098108699386112,-0.498271,10.413288,0.515913
1703098108707634688,1.196113,10.434335,0.516499
1703098108716035072,1.648457,10.382795,0.519773
1703098108724331520,1.840462,10.458146,0.518461
1703098108732649472,1.881249,10.375820,0.518842
1703098108749439488,1.887688,10.405067,0.516863
1703098108757604608,1.867309,10.437384,0.516336
1703098108774246656,1.811029,10.418688,0.513146
1703098108782783488,1.704770,10.439235,0.510367
1703098108790981632,1.708076,10.493774,0.510051
1703098108799433984,1.611090,10.498735,0.510696
1703098108807650816,1.639427,10.467536,0.508524
1703098108816008448,1.534004,10.529776,0.509980
1703098108824262144,1.470475,10.538336,0.508269
1703098108832698624,1.338676,10.522483,0.507182
1703098108840937728,1.296691,10.539767,0.507182
1703098108849382912,1.220200,10.560570,0.506645
1703098108857579008,1.163827,10.559848,0.505620
1703098108865994240,1.014649,10.545013,0.506244
1703098108874272000,0.991588,10.535604,0.507553
1703098108882676480,0.889649,10.506516,0.505901
1703098108890973440,0.720000,10.595557,0.507751
1703098108899328000,0.644380,10.594990,0.506723
1703098108908109824,0.573406,10.551528,0.507306
1703098108915949824,0.533865,10.588538,0.508620
1703098108941095936,0.212910,10.559262,0.511206
1703098108965940736,0.032907,10.602863,0.511892
1703098108974488320,-0.088389,10.616019,0.513748
1703098108982610432,-0.122312,10.636288,0.512743
1703098108999262464,-0.317890,10.523451,0.512787
1703098109032713984,-0.591481,10.668318,0.518726
1703098109041048832,-0.573944,10.629821,0.518548
1703098109049280768,-0.642658,10.633821,0.519886
1703098109057780480,-0.708605,10.605474,0.521409
1703098109065986816,-0.778947,10.653899,0.522660
1703098109082789632,-0.827986,10.657384,0.524399
1703098109091012864,-0.893118,10.725316,0.524491
1703098109099410944,-0.934799,10.688954,0.525402
1703098109107735296,-0.977852,10.676316,0.525205
1703098109116098816,-1.007611,10.732532,0.528084
1703098109124308480,-1.030045,10.780931,0.526182
1703098109132814592,-1.026035,10.723383,0.527376
1703098109141029376,-1.101521,10.721618,0.528654
1703098109157678080,-1.115414,10.750761,0.528523
1703098109174357760,-1.075230,10.793754,0.530276
1703098109191021824,-1.063456,10.827525,0.530779
1703098109199530240,-0.998592,10.818087,0.531342
1703098109224348672,-0.949456,10.877701,0.534012
1703098109232731392,-0.910320,10.800707,0.533466
1703098109241009920,-0.814469,10.939624,0.534117
1703098109249386496,-0.775013,10.888320,0.533030
1703098109257683712,-0.752530,10.910519,0.535483
1703098109274492160,-0.558037,10.895318,0.534932
1703098109282671616,-0.541003,10.921309,0.534840
1703098109299362816,-0.431313,10.925168,0.534523
1703098109307891200,-0.359295,10.935184,0.535313
1703098109324500480,-0.213119,10.906143,0.533636
1703098109332644864,-0.215523,10.896380,0.532856
1703098109349406720,-0.137070,10.956427,0.533987
1703098109366029824,-0.041056,10.959791,0.533619
1703098109382685184,0.155411,10.905457,0.533304
1703098109399401216,0.171625,10.937849,0.531531
1703098109415997440,0.225309,10.949983,0.531165
1703098109424475648,0.280413,10.956933,0.531528
1703098109441038592,0.296895,10.911807,0.530245
1703098109449426432,0.300043,10.903899,0.528559
1703098109466075904,0.371629,10.915981,0.527807
1703098109474376960,0.452918,10.934143,0.525834
1703098109482779136,0.425650,10.877687,0.525532
1703098109491022080,0.470040,10.853629,0.528383
1703098109499637248,0.508666,10.875973,0.524163
1703098109507688192,0.552135,10.874106,0.524324
1703098109516275200,0.501052,10.851724,0.524903
1703098109541026304,0.547225,10.827156,0.522918
1703098109557672960,0.686893,10.850536,0.523611
1703098109566063360,0.390000,10.858051,0.521974
1703098109583024896,-0.083921,10.793661,0.520847
1703098109599509504,-0.322854,10.796585,0.520685
1703098109616152320,-0.423492,10.781970,0.520594
1703098109624368896,-0.487560,10.768097,0.521196
1703098109640996096,-0.489410,10.769468,0.520702
1703098109657687552,-0.530478,10.763132,0.521322
1703098109674460416,-0.536424,10.801629,0.524828
1703098109682679296,-0.522582,10.765808,0.521997
1703098109691206656,-0.526185,10.717448,0.522569
1703098109699323904,-0.555923,10.738056,0.523715
1703098109707933952,-0.544260,10.733046,0.522963
1703098109715995392,-0.696396,10.725328,0.524096
1703098109724598272,-0.675622,10.739303,0.523768
1703098109732674560,-0.663103,10.707447,0.524698
1703098109741175552,-0.621036,10.692779,0.524905
1703098109749334528,-0.577802,10.717875,0.523443
1703098109757803520,-0.493191,10.744168,0.525132
1703098109766024960,-0.507699,10.789419,0.524799
1703098109774600704,-0.388605,10.820906,0.525869
1703098109782749184,-0.305896,10.713875,0.525611
1703098109799352576,-0.223570,10.757384,0.525187
1703098109807856384,-0.253905,10.768306,0.526091
1703098109816013056,-0.127933,10.721600,0.526698
1703098109824396032,-0.113715,10.756259,0.524502
1703098109841090048,-0.015659,10.739226,0.527024
1703098109849347840,0.048253,10.666756,0.526600
1703098109857736192,0.057106,10.706509,0.524428
1703098109866017792,0.118950,10.735362,0.525954
1703098109874365184,0.125023,10.706654,0.524997
1703098109882768384,0.170440,10.711059,0.524593
1703098109891031808,0.195345,10.682797,0.524679
1703098109899427840,0.242373,10.664664,0.523718
1703098109907744256,0.291059,10.691259,0.524056
1703098109916229888,0.323164,10.725273,0.523640
1703098109924324096,0.350742,10.695737,0.522684
1703098109932850432,0.378945,10.684878,0.522895
1703098109941024512,0.423458,10.703585,0.520916
1703098109949501440,0.451892,10.672350,0.521138
1703098109957667584,0.460068,10.626509,0.521103
1703098109966204672,0.473859,10.613061,0.518718
1703098109974357504,0.449435,10.602974,0.519287
1703098109982914304,0.524821,10.666901,0.520313
1703098109991117824,0.586373,10.598325,0.519300
1703098109999545088,0.573148,10.625921,0.518514
1703098110007723520,0.623336,10.596597,0.519086
1703098110016070144,0.602872,10.597402,0.516528
1703098110024399104,0.636270,10.595798,0.517084
1703098110032808448,0.668028,10.573589,0.514965
1703098110049389056,0.713438,10.574316,0.515306
1703098110066115072,0.742336,10.553692,0.516960
1703098110074382592,0.790127,10.490443,0.515051
1703098110091099136,0.816992,10.562899,0.514652
1703098110099363072,0.839301,10.499598,0.515425
1703098110107874560,0.829620,10.480548,0.512965
1703098110115979008,0.832049,10.472139,0.514350
1703098110124464896,0.892318,10.462839,0.511342
1703098110132673280,0.898511,10.474627,0.510106
1703098110141215488,0.922892,10.500056,0.511522
1703098110149379840,0.916093,10.524450,0.510363
1703098110157771264,0.975622,10.472672,0.511761
1703098110166006016,0.961978,10.435765,0.510961
1703098110174577920,0.977827,10.444658,0.511665
1703098110182714112,0.977536,10.478925,0.510316
1703098110191187200,1.005701,10.446865,0.511172
1703098110199357952,1.019545,10.428590,0.510040
1703098110207748352,1.019085,10.405558,0.510009
1703098110224448000,1.018175,10.373468,0.509276
1703098110232664064,1.111350,10.389744,0.508091
1703098110241048320,1.061970,10.385412,0.508870
1703098110257689344,1.109286,10.399694,0.508005
1703098110266095104,1.096431,10.359618,0.508003
1703098110274341632,1.117259,10.321735,0.505401
1703098110282744576,1.100392,10.351710,0.505296
1703098110291039232,1.157511,10.332606,0.506452
1703098110299525376,1.156114,10.333034,0.504445
1703098110307706880,1.154010,10.295065,0.505641
1703098110316214784,1.214959,10.305592,0.503666
1703098110324382976,1.204360,10.306809,0.504415
1703098110332826112,1.203990,10.325679,0.504318
1703098110341016832,1.212070,10.295952,0.504522
1703098110349405952,1.214624,10.227902,0.504265
1703098110357649664,1.247403,10.286945,0.504239
1703098110366102272,1.264784,10.313752,0.503913
1703098110374366464,1.282821,10.271793,0.504688
1703098110382816000,1.299834,10.328482,0.503210
1703098110391054592,1.289012,10.295125,0.503454
1703098110399597312,1.268125,10.270295,0.503170
1703098110407670528,1.277434,10.284107,0.501951
1703098110416169728,1.260932,10.276793,0.503963
1703098110424408576,1.295750,10.263592,0.502104
1703098110432747776,1.288647,10.252105,0.501679
1703098110441057024,1.306982,10.241180,0.503055
1703098110449395712,1.274046,10.239172,0.501634
1703098110466026496,1.335468,10.245503,0.502450
1703098110474586880,1.336759,10.244892,0.502127
1703098110482709248,1.382533,10.192400,0.498569
1703098110491329280,1.371225,10.251215,0.504642
1703098110499380480,1.411124,10.196843,0.501554
1703098110507914240,1.338930,10.239630,0.501467
1703098110524526848,1.419824,10.182231,0.502218
1703098110532733952,1.379563,10.234762,0.501312
1703098110541309952,1.426781,10.185754,0.502460
1703098110549486848,1.420407,10.223914,0.500913
1703098110557895936,1.411571,10.227545,0.500352
1703098110566087680,1.380405,10.241983,0.498707
1703098110574549504,1.436491,10.233298,0.500103
1703098110582746880,1.422579,10.195998,0.500531
1703098110591327232,1.412951,10.209541,0.500468
1703098110607921408,1.447554,10.229663,0.501815
1703098110624451584,1.415099,10.202964,0.500035
1703098110632713216,1.429274,10.165648,0.499308
1703098110641107200,1.453070,10.215069,0.498494
1703098110657772288,1.490732,10.194623,0.499963
1703098110674537472,1.511540,10.210776,0.498884
1703098110682944768,1.522504,10.233200,0.499320
1703098110691075840,1.470679,10.193417,0.499052
1703098110707763200,1.476166,10.206818,0.499406
1703098110716296192,1.496302,10.225245,0.499183
1703098110724455168,1.517812,10.217212,0.500411
1703098110732923136,1.520467,10.175653,0.500654
1703098110741125376,1.485092,10.224578,0.499319
1703098110749595392,1.527612,10.202185,0.498112
1703098110757794560,1.504543,10.190949,0.498748
1703098110766140672,1.560368,10.207119,0.498344
1703098110774432000,1.508058,10.212007,0.497053
1703098110782778112,1.535164,10.179841,0.499975
1703098110791069952,1.588219,10.248212,0.498841
1703098110799486208,1.517655,10.268815,0.500439
1703098110807760384,1.524268,10.196798,0.500120
1703098110816158720,1.552365,10.245461,0.498136
1703098110825985024,1.596834,10.224195,0.499804
1703098110834091008,1.329214,8.799735,0.427558
1703098110842547456,1.832506,11.866205,0.582416
1703098110850803968,1.552088,10.226022,0.499152
1703098110859248640,1.594616,10.221272,0.499421
1703098110875886336,1.570940,10.252311,0.498145
1703098110884143872,1.541766,10.225480,0.499259
1703098110892755456,1.586113,10.259397,0.498075
1703098110909223680,1.550404,10.304528,0.498616
1703098110917493504,1.525126,10.245124,0.498723
1703098110925863168,1.585438,10.239686,0.498944
1703098110934155264,1.588781,10.216053,0.497168
1703098110942518784,1.569342,10.254357,0.499087
1703098110950787328,1.506192,10.267030,0.499040
1703098110959141632,1.484755,10.269799,0.500212
1703098110967522304,1.491018,10.233762,0.498311
1703098110975817472,1.451008,10.300382,0.497979
1703098110984488704,1.385381,10.243759,0.498878
1703098110992496896,1.355647,10.348598,0.499083
1703098111001074944,1.303519,10.268343,0.497833
1703098111009122048,1.157381,10.343918,0.499536
1703098111017599744,1.121624,10.336948,0.501104
1703098111025758208,1.032521,10.344386,0.501011
1703098111034264320,0.960030,10.344197,0.501280
1703098111050918144,0.788102,10.332014,0.501851
1703098111059152896,0.736553,10.352459,0.502217
1703098111075794688,0.557274,10.342882,0.504821
1703098111084182272,0.301993,10.400738,0.504641
1703098111100890112,-0.112930,10.413621,0.505823
1703098111117644800,-0.307198,10.403443,0.509714
1703098111125820160,-0.395213,10.375615,0.509867
1703098111134244096,-0.398354,10.402112,0.511743
1703098111142534144,-0.478875,10.491714,0.511597
1703098111150798592,-0.515045,10.410397,0.514456
1703098111159318016,-0.501155,10.497197,0.514573
1703098111167501312,-0.501983,10.506070,0.516033
1703098111176063744,-0.472284,10.497225,0.517990
1703098111184151296,-0.475973,10.472654,0.515240
1703098111192734976,-0.494239,10.574669,0.520533
1703098111200795392,-0.523495,10.521366,0.518790
1703098111209336832,-0.556751,10.576560,0.522845
1703098111217532416,-0.543123,10.539482,0.520699
1703098111225901568,-0.552892,10.569592,0.523058
1703098111234147328,-0.992010,10.592360,0.524846
1703098111250866176,-1.282978,10.558307,0.526164
1703098111267560960,-1.395139,10.569459,0.524874
1703098111275986688,-1.492961,10.586921,0.525952
1703098111284188416,-1.544868,10.625281,0.527701
1703098111292647424,-1.538931,10.622005,0.526758
1703098111309257472,-1.588627,10.669866,0.529098
1703098111317483008,-1.569436,10.576564,0.527366
1703098111325840640,-1.614757,10.719222,0.528268
1703098111334210560,-1.562441,10.675310,0.529836
1703098111342576640,-1.569506,10.711864,0.530264
1703098111350947584,-1.552263,10.778489,0.531592
1703098111359155712,-1.556316,10.723855,0.530644
1703098111367815168,-1.556316,10.748491,0.530232
1703098111375892992,-1.560517,10.727543,0.529938
1703098111384441600,-1.510935,10.748618,0.532011
1703098111392524800,-1.470631,10.774570,0.532386
1703098111401032960,-1.401515,10.766891,0.533693
1703098111409169408,-1.349185,10.812087,0.532871
1703098111417714944,-1.324857,10.825733,0.531650
1703098111425823232,-1.260052,10.794292,0.533089
1703098111434298368,-1.215782,10.830007,0.534551
1703098111442497024,-1.146756,10.884151,0.531189
1703098111450844672,-1.050089,10.886263,0.534182
1703098111467705344,-1.026886,10.890906,0.535406
1703098111475871488,-0.926795,10.887149,0.531856
1703098111492578816,-0.862692,10.921186,0.535475
1703098111500949504,-0.769570,10.934525,0.533623
1703098111509154816,-0.726100,10.896609,0.533620
1703098111517560320,-0.685266,10.906535,0.533673
1703098111534185472,-0.508897,10.973226,0.533391
1703098111542480640,-0.504354,10.883145,0.533556
1703098111550841088,-0.457937,10.894868,0.530356
1703098111559252224,-0.443103,10.922022,0.532732
1703098111567562240,-0.379923,10.936126,0.534049
1703098111575961344,-0.355114,10.896798,0.531967
1703098111584136704,-0.276650,10.912027,0.533183
1703098111592862720,-0.224416,10.905478,0.532534
1703098111600820736,-0.212264,10.889782,0.530637
1703098111609272832,-0.183489,10.949919,0.530739
1703098111617495296,-0.198170,10.906734,0.529976
1703098111625912064,-0.093097,10.907711,0.531879
1703098111634177024,-0.008441,10.868826,0.529673
1703098111642684672,-0.014186,10.875685,0.530422
1703098111650889216,0.030861,10.896859,0.528232
1703098111659448576,-0.006541,10.866721,0.529530
1703098111675934976,0.095860,10.870040,0.528261
1703098111692619520,0.204774,10.821449,0.528261
1703098111700848896,0.163992,10.775130,0.524657
1703098111709247232,0.263260,10.792677,0.527485
1703098111717563648,0.216944,10.826232,0.525640
1703098111725941760,0.342650,10.785135,0.525912
1703098111734208256,0.319635,10.823352,0.523649
1703098111742597888,0.366964,10.757874,0.524924
1703098111750883840,0.379002,10.842624,0.524528
1703098111759290368,0.403224,10.764691,0.522610
1703098111767611392,0.443533,10.794079,0.522844
1703098111775845120,0.443870,10.731712,0.524155
1703098111784315648,0.452785,10.775326,0.522029
1703098111792566528,0.490196,10.740363,0.520895
1703098111800936192,0.519735,10.711995,0.520035
1703098111809974784,0.538867,10.742635,0.518339
1703098111818476544,0.561702,9.823381,0.476316
1703098111826647296,0.614886,11.620722,0.566048
1703098111835135488,0.589642,10.656248,0.517849
1703098111843374080,0.624872,10.657204,0.517845
1703098111859953664,0.647143,10.698601,0.516061
1703098111876636416,0.697828,10.624952,0.516740
1703098111884971776,0.737222,10.684737,0.515650
1703098111893253888,0.771229,10.621689,0.515118
1703098111909998848,0.774811,10.593737,0.515759
1703098111918365952,0.794359,10.614374,0.512646
1703098111926714368,0.844928,10.591628,0.512523
1703098111934965504,0.809196,10.629674,0.512498
1703098111943464192,0.868617,10.539483,0.512243
1703098111951655680,0.942943,10.571186,0.510611
1703098111960054784,0.920400,10.547062,0.510129
1703098111968301824,0.918851,10.511082,0.510147
1703098111976680192,0.867441,10.518015,0.510348
1703098111985012480,0.907561,10.529751,0.510532
1703098111993470976,0.982386,10.536135,0.509449
1703098112001627648,0.947985,10.528507,0.510525
1703098112010174208,0.965947,10.470123,0.509863
1703098112018311680,0.959908,10.500619,0.508184
1703098112026687232,1.004396,10.466593,0.509352
1703098112034962176,1.032943,10.465620,0.509044
1703098112043342336,1.042755,10.439997,0.508093
1703098112051648512,1.051336,10.392721,0.507063
1703098112059992576,1.081125,10.431520,0.507206
1703098112076723712,1.088193,10.415885,0.508281
1703098112093497344,0.772008,10.366217,0.507117
1703098112101725952,0.461826,10.376914,0.507395
1703098112110037760,0.207356,10.429105,0.505478
1703098112126624512,-0.143392,10.407436,0.506055
1703098112143290624,-0.359672,10.337705,0.506290
1703098112151716352,-0.431875,10.379610,0.509598
1703098112159958016,-0.410078,10.385078,0.507623
1703098112168372224,-0.518661,10.367979,0.509451
1703098112176707584,-0.485560,10.322492,0.510001
1703098112185150208,-0.496315,10.329161,0.510133
1703098112193396480,-0.483629,10.383994,0.510327
1703098112201728000,-0.539837,10.313772,0.512626
1703098112209969920,-0.497776,10.358007,0.514828
1703098112218354688,-0.526891,10.346146,0.514433
1703098112226604032,-0.472931,10.347458,0.516163
1703098112235001600,-0.511600,10.338344,0.515737
1703098112243403008,1.218949,10.420060,0.516449
1703098112251703552,1.564751,10.327028,0.517668
1703098112268321536,1.777276,10.323376,0.516322
1703098112284996608,1.813869,10.319801,0.513570
1703098112293449216,1.797563,10.307148,0.511151
1703098112301627904,1.789148,10.251900,0.511867
1703098112310077184,1.793804,10.292521,0.508566
1703098112318327808,1.787160,10.283442,0.507229
1703098112326715136,1.789018,10.342031,0.506628
1703098112343432192,1.800287,10.268742,0.503842
1703098112360138752,1.774832,10.278187,0.500974
1703098112368323072,1.754736,10.242456,0.501738
1703098112376696320,1.783607,10.301575,0.499822
1703098112384989952,1.791452,10.251247,0.499925
1703098112393411328,1.758311,10.205780,0.497174
1703098112401645568,1.840276,10.238742,0.498224
1703098112410052096,1.813180,10.217216,0.496430
1703098112418294016,1.839087,10.226677,0.495844
1703098112426690048,1.830079,10.212850,0.495187
1703098112434973440,1.832833,10.207399,0.496337
1703098112443434240,1.775295,10.230423,0.494493
1703098112451575808,1.801669,10.188153,0.494399
1703098112468509184,1.765343,10.184102,0.490743
1703098112485120256,1.774946,10.159504,0.492035
1703098112493276672,1.816299,10.143891,0.491976
1703098112501700608,1.824737,10.158669,0.491539
1703098112509936128,1.823612,10.148898,0.490796
1703098112526632192,1.788338,10.105877,0.492356
1703098112535096064,1.803710,10.134297,0.491665
1703098112543380480,1.836850,10.088840,0.489802
1703098112551801344,1.804761,10.119917,0.490016
1703098112559977216,1.810598,10.087524,0.490547
1703098112568358656,1.823281,10.039024,0.489885
1703098112576628480,1.849960,10.089179,0.488805
1703098112585073664,1.838914,10.119686,0.488807
1703098112593392896,1.814935,10.097406,0.490135
1703098112601766656,1.855638,10.106236,0.490031
1703098112610012928,1.820658,10.104915,0.491468
1703098112618369792,1.759272,10.054748,0.488339
1703098112626706688,1.832565,10.090087,0.489874
1703098112634976512,1.827073,10.048188,0.490795
1703098112643451136,1.805026,10.060710,0.487667
1703098112651622400,1.796179,10.089741,0.491338
1703098112660135680,1.811382,10.087770,0.488843
1703098112668279296,1.815115,10.054632,0.488245
1703098112676718336,1.791255,10.093535,0.490588
1703098112685042176,1.802597,10.095348,0.489564
1703098112693465088,1.769138,10.069751,0.490794
1703098112701615360,1.817229,10.118908,0.489518
1703098112718369536,1.811191,10.074540,0.489013
1703098112726835200,1.825247,10.066451,0.489898
1703098112734956800,1.870020,10.080009,0.490659
1703098112743484672,1.859900,10.081131,0.491523
1703098112751638528,1.799419,10.086972,0.490691
1703098112759993856,1.836589,10.103696,0.488258
1703098112768289280,1.833802,10.086838,0.489767
1703098112784965888,1.781387,10.089314,0.490251
1703098112793312768,1.826347,10.101809,0.490373
1703098112801635840,1.803401,10.077378,0.489199
1703098112809991680,1.762626,10.094397,0.490313
1703098112818323712,1.796239,10.105796,0.491241
1703098112826693120,1.780206,10.133691,0.492698
1703098112835012352,1.734595,10.112430,0.491060
1703098112843252992,1.716716,10.099436,0.490497
1703098112851809280,1.629887,10.141277,0.492586
1703098112859984896,1.636533,10.184780,0.490602
1703098112868446720,1.563268,10.140578,0.490182
1703098112876639744,1.512839,10.159608,0.492008
1703098112885129728,1.436335,10.121209,0.494065
1703098112893318400,1.383729,10.151141,0.492151
1703098112901707264,1.238168,10.155621,0.494158
1703098112909992192,1.251618,10.208187,0.493677
1703098112918345728,1.114575,10.176344,0.494537
1703098112926648576,0.977868,10.212776,0.496944
1703098112943271680,0.840288,10.232972,0.497577
1703098112951704832,0.762861,10.240472,0.499067
1703098112968265216,0.618520,10.269785,0.499976
1703098112984959744,0.424213,10.309034,0.501761
1703098112993562880,0.367343,10.268923,0.502200
1703098113001634048,0.227829,10.272540,0.503515
1703098113010060544,0.131200,10.300835,0.505800
1703098113018304512,0.109694,10.401503,0.508109
1703098113026758144,0.002303,10.351215,0.507493
1703098113035004416,-0.112787,10.346799,0.510408
1703098113043523328,-0.200681,10.350891,0.510847
1703098113051655168,-0.232985,10.341857,0.511500
1703098113060155392,-0.331338,10.413196,0.515355
1703098113068356096,-0.377842,10.385820,0.513942
1703098113076779776,-0.510109,10.464004,0.516675
1703098113085039616,-0.599322,10.453334,0.517127
1703098113093370624,-0.633868,10.474446,0.517182
1703098113101651456,-0.563540,10.459697,0.519912
1703098113110109696,-0.558043,10.469067,0.519873
1703098113126748416,-0.474923,10.508388,0.523004
1703098113135084800,-0.516144,10.540479,0.522816
1703098113143370496,-0.551905,10.533999,0.522544
1703098113159964672,-0.527788,10.631025,0.526403
1703098113176666368,-0.544696,10.609132,0.526237
1703098113185125888,-0.561245,10.699316,0.527945
1703098113193286656,-0.526711,10.645281,0.527196
1703098113209963008,-0.542157,10.712544,0.528779
1703098113218411264,-0.503256,10.715701,0.529362
1703098113226661888,-0.473007,10.771690,0.530372
1703098113235061760,-0.518540,10.703820,0.530495
1703098113243351808,-0.540306,10.735830,0.529984
1703098113251840000,-1.767840,10.638418,0.530335
1703098113259998464,-2.101614,10.608602,0.530672
1703098113268416768,-2.127558,10.601220,0.530130
1703098113276683008,-2.146065,10.637457,0.527182
1703098113285026304,-2.244584,10.640575,0.529469
1703098113293347840,-2.235665,10.724700,0.528832
1703098113301699328,-2.200733,10.708279,0.528105
1703098113310102016,-2.205379,10.728343,0.528324
1703098113318328576,-2.193834,10.695539,0.529968
1703098113326770688,-2.177191,10.744292,0.529413
1703098113334999296,-2.108065,10.766799,0.529363
1703098113343546368,-2.166990,10.784900,0.529745
1703098113351642368,-2.072446,10.778222,0.531217
1703098113360126464,-2.043758,10.795222,0.531351
1703098113368309504,-2.024126,10.830539,0.530810
1703098113376747264,-1.956478,10.840489,0.531883
1703098113393481728,-1.885298,10.881393,0.530934
1703098113410147072,-1.747678,10.861094,0.530361
1703098113418284544,-1.689344,10.911290,0.532017
1703098113426819584,-1.592860,10.903386,0.532668
1703098113435003136,-1.533742,10.980806,0.533256
1703098113443503104,-1.490765,10.902857,0.530932
1703098113451682816,-1.428976,10.906902,0.532652
1703098113460137984,-1.361941,10.950721,0.533561
