# Camera list with one line of data per camera:
#   CAMERA_ID, MODEL, WIDTH, HEIGHT, PARAMS[]
# Number of cameras: 1225
397 SIMPLE_RADIAL 640 480 254.09670829769587 320 240 -0.076660968582139569
398 SIMPLE_RADIAL 640 480 254.18519498393374 320 240 -0.076727851395699154
399 SIMPLE_RADIAL 640 480 254.170374523585 320 240 -0.076740134687214107
400 SIMPLE_RADIAL 640 480 254.17354629250642 320 240 -0.077035218869801053
401 SIMPLE_RADIAL 640 480 254.1878003888001 320 240 -0.076842105354996817
402 SIMPLE_RADIAL 640 480 254.12816410699605 320 240 -0.076683542920181563
403 SIMPLE_RADIAL 640 480 254.1978748138462 320 240 -0.077103480556153819
404 SIMPLE_RADIAL 640 480 254.11955812936768 320 240 -0.076695048956554948
405 SIMPLE_RADIAL 640 480 254.20543866158883 320 240 -0.076910403618223738
406 SIMPLE_RADIAL 640 480 254.16105604195383 320 240 -0.07675488800612934
407 SIMPLE_RADIAL 640 480 254.12692998480281 320 240 -0.076739012215405147
408 SIMPLE_RADIAL 640 480 254.12341481849057 320 240 -0.076708532272202049
409 SIMPLE_RADIAL 640 480 254.24907387612674 320 240 -0.076815117822432624
410 SIMPLE_RADIAL 640 480 254.11561186922077 320 240 -0.076746369465189548
411 SIMPLE_RADIAL 640 480 254.14894394305495 320 240 -0.076742468689484852
412 SIMPLE_RADIAL 640 480 254.24140654473578 320 240 -0.07674194394314221
413 SIMPLE_RADIAL 640 480 254.13344355581421 320 240 -0.076676677396737641
414 SIMPLE_RADIAL 640 480 254.12280339777467 320 240 -0.076661397594633585
415 SIMPLE_RADIAL 640 480 254.24242087763471 320 240 -0.076773115756345378
416 SIMPLE_RADIAL 640 480 254.01483225827698 320 240 -0.076551146198384892
417 SIMPLE_RADIAL 640 480 254.13649252963432 320 240 -0.076657776388478566
418 SIMPLE_RADIAL 640 480 254.20910118137468 320 240 -0.076917529864073964
419 SIMPLE_RADIAL 640 480 254.17703352123488 320 240 -0.076736739677087121
420 SIMPLE_RADIAL 640 480 254.1774711094036 320 240 -0.076709717492838683
421 SIMPLE_RADIAL 640 480 254.18942594557154 320 240 -0.076696917741176374
422 SIMPLE_RADIAL 640 480 254.25040185259718 320 240 -0.076917077237003098
423 SIMPLE_RADIAL 640 480 254.18467809803047 320 240 -0.076557380758225269
424 SIMPLE_RADIAL 640 480 254.24851407237216 320 240 -0.076700457870242794
425 SIMPLE_RADIAL 640 480 254.16671700291903 320 240 -0.07653893296004638
426 SIMPLE_RADIAL 640 480 253.98844948523228 320 240 -0.076585662378567482
427 SIMPLE_RADIAL 640 480 253.97706315542223 320 240 -0.076529492381893924
428 SIMPLE_RADIAL 640 480 254.30306868802299 320 240 -0.076891742889469622
429 SIMPLE_RADIAL 640 480 254.22790660845544 320 240 -0.076617183999898336
430 SIMPLE_RADIAL 640 480 254.112883768725 320 240 -0.076730826677107705
431 SIMPLE_RADIAL 640 480 254.08612484329552 320 240 -0.076860635219259857
432 SIMPLE_RADIAL 640 480 254.24420139200961 320 240 -0.07675202144341893
433 SIMPLE_RADIAL 640 480 254.32499979671621 320 240 -0.07699492883125722
434 SIMPLE_RADIAL 640 480 254.12653306611978 320 240 -0.076687913590140613
435 SIMPLE_RADIAL 640 480 254.12682493459383 320 240 -0.076773100410846937
436 SIMPLE_RADIAL 640 480 254.11972716310487 320 240 -0.076650647821450035
437 SIMPLE_RADIAL 640 480 254.14862065142339 320 240 -0.076608047476497285
438 SIMPLE_RADIAL 640 480 254.35466441681186 320 240 -0.076894853666736054
439 SIMPLE_RADIAL 640 480 254.33653615035701 320 240 -0.076792351900412906
440 SIMPLE_RADIAL 640 480 254.33898293582345 320 240 -0.076675703777275936
441 SIMPLE_RADIAL 640 480 254.10392133307823 320 240 -0.076696175962623958
442 SIMPLE_RADIAL 640 480 253.68426012689153 320 240 -0.076301116904314015
443 SIMPLE_RADIAL 640 480 254.83046728854507 320 240 -0.077417866611919794
444 SIMPLE_RADIAL 640 480 256.04771812890613 320 240 -0.078791067913762627
445 SIMPLE_RADIAL 640 480 253.20695574730772 320 240 -0.075747773122178091
446 SIMPLE_RADIAL 640 480 254.22270402424081 320 240 -0.076778139536612722
447 SIMPLE_RADIAL 640 480 255.53493006311282 320 240 -0.078559094098375234
448 SIMPLE_RADIAL 640 480 256.61038403104698 320 240 -0.079407788011506608
449 SIMPLE_RADIAL 640 480 257.40518155544055 320 240 -0.079911301209739979
450 SIMPLE_RADIAL 640 480 257.60830052008617 320 240 -0.080274805243603503
451 SIMPLE_RADIAL 640 480 259.4652379415773 320 240 -0.081826421014598361
452 SIMPLE_RADIAL 640 480 262.26743726524973 320 240 -0.084829973759743132
453 SIMPLE_RADIAL 640 480 264.09950582366974 320 240 -0.086055002159928048
454 SIMPLE_RADIAL 640 480 265.51173321636156 320 240 -0.086439705391948229
455 SIMPLE_RADIAL 640 480 265.09768829138221 320 240 -0.084901349043971994
456 SIMPLE_RADIAL 640 480 265.37350295499363 320 240 -0.084119803030496446
457 SIMPLE_RADIAL 640 480 254.24701214979919 320 240 -0.076665264076220666
458 SIMPLE_RADIAL 640 480 267.7638044038988 320 240 -0.08503849371942783
459 SIMPLE_RADIAL 640 480 266.99020935477802 320 240 -0.082932337058513703
460 SIMPLE_RADIAL 640 480 267.44407273722385 320 240 -0.082276090181991224
461 SIMPLE_RADIAL 640 480 269.53243340269944 320 240 -0.083007854511104234
462 SIMPLE_RADIAL 640 480 271.0876592819979 320 240 -0.082767544755301445
463 SIMPLE_RADIAL 640 480 272.3060256707368 320 240 -0.081854743132279667
464 SIMPLE_RADIAL 640 480 274.73652955397131 320 240 -0.082440913888526465
465 SIMPLE_RADIAL 640 480 277.17558382675213 320 240 -0.082890291353671069
466 SIMPLE_RADIAL 640 480 280.11104121995709 320 240 -0.083546927992584355
467 SIMPLE_RADIAL 640 480 282.18684371379635 320 240 -0.083903696119598831
468 SIMPLE_RADIAL 640 480 254.22761784989635 320 240 -0.076719600139957336
469 SIMPLE_RADIAL 640 480 254.27290724224844 320 240 -0.077070308787287531
470 SIMPLE_RADIAL 640 480 285.20125240367616 320 240 -0.084897839713909934
471 SIMPLE_RADIAL 640 480 290.15393415675157 320 240 -0.087105679753969156
472 SIMPLE_RADIAL 640 480 292.38285103424613 320 240 -0.087298508441203557
473 SIMPLE_RADIAL 640 480 293.88767856282283 320 240 -0.086495098986266242
474 SIMPLE_RADIAL 640 480 297.33891173588239 320 240 -0.08721289601184104
475 SIMPLE_RADIAL 640 480 303.09532671449915 320 240 -0.089955817331599006
476 SIMPLE_RADIAL 640 480 296.11049392663568 320 240 -0.074500772053612774
477 SIMPLE_RADIAL 640 480 293.95812538903641 320 240 -0.07128918851711892
478 SIMPLE_RADIAL 640 480 292.31099252200738 320 240 -0.069364864773111212
479 SIMPLE_RADIAL 640 480 294.61997404136923 320 240 -0.072627616256519076
480 SIMPLE_RADIAL 640 480 254.13023238100547 320 240 -0.076832808169922731
481 SIMPLE_RADIAL 640 480 295.80300754717285 320 240 -0.073739537342227532
482 SIMPLE_RADIAL 640 480 296.80929882594114 320 240 -0.074654555237077175
483 SIMPLE_RADIAL 640 480 297.18014862201937 320 240 -0.07737395067526201
484 SIMPLE_RADIAL 640 480 329.38133076210801 320 240 -0.11574203474586178
485 SIMPLE_RADIAL 640 480 303.73849627004626 320 240 -0.087084242490487337
486 SIMPLE_RADIAL 640 480 283.58511499604742 320 240 -0.072692994503499045
487 SIMPLE_RADIAL 640 480 265.76996388971185 320 240 -0.059238575308259052
488 SIMPLE_RADIAL 640 480 295.43827676869228 320 240 -0.088081005185393343
489 SIMPLE_RADIAL 640 480 281.34667856562703 320 240 -0.078330975886977836
490 SIMPLE_RADIAL 640 480 273.83273703736387 320 240 -0.075366551046735508
491 SIMPLE_RADIAL 640 480 254.33693023226678 320 240 -0.076747753652452302
492 SIMPLE_RADIAL 640 480 265.56265789131567 320 240 -0.072049532469000574
493 SIMPLE_RADIAL 640 480 262.46150024751336 320 240 -0.071265112352599039
494 SIMPLE_RADIAL 640 480 265.13367026062292 320 240 -0.076029125097460307
495 SIMPLE_RADIAL 640 480 269.99053451315632 320 240 -0.082543137388802285
496 SIMPLE_RADIAL 640 480 272.82452957162189 320 240 -0.086589031811767136
497 SIMPLE_RADIAL 640 480 277.97054058874005 320 240 -0.092836624404898177
498 SIMPLE_RADIAL 640 480 274.50263873477843 320 240 -0.091575486659876609
499 SIMPLE_RADIAL 640 480 291.50813887731044 320 240 -0.10852974958727386
500 SIMPLE_RADIAL 640 480 294.16156136281978 320 240 -0.11253749395816526
501 SIMPLE_RADIAL 640 480 294.485680936113 320 240 -0.11284046995298762
502 SIMPLE_RADIAL 640 480 254.20601152976934 320 240 -0.076680803297507982
503 SIMPLE_RADIAL 640 480 295.50059899516378 320 240 -0.11361512951760878
504 SIMPLE_RADIAL 640 480 295.93967048940374 320 240 -0.11349924487055943
505 SIMPLE_RADIAL 640 480 295.94875975374498 320 240 -0.11280104152229554
506 SIMPLE_RADIAL 640 480 296.5430998560546 320 240 -0.11284075251379708
507 SIMPLE_RADIAL 640 480 296.9270681245747 320 240 -0.11166935194748535
508 SIMPLE_RADIAL 640 480 298.01405824351838 320 240 -0.10925710752509631
509 SIMPLE_RADIAL 640 480 298.19453609228515 320 240 -0.10734863288970491
510 SIMPLE_RADIAL 640 480 300.13485469621099 320 240 -0.10716050659218897
511 SIMPLE_RADIAL 640 480 300.7439629581595 320 240 -0.10413139715916675
512 SIMPLE_RADIAL 640 480 305.20736794002784 320 240 -0.10567643544956093
513 SIMPLE_RADIAL 640 480 265.81069248280511 320 240 -0.076868699512634114
514 SIMPLE_RADIAL 640 480 297.36592628912211 320 240 -0.091491598229185719
515 SIMPLE_RADIAL 640 480 302.70257006314279 320 240 -0.081884005741798965
516 SIMPLE_RADIAL 640 480 311.35846944612473 320 240 -0.088057815603684489
517 SIMPLE_RADIAL 640 480 318.5442251900036 320 240 -0.091915354223273446
518 SIMPLE_RADIAL 640 480 325.55396835794107 320 240 -0.096395395453377858
519 SIMPLE_RADIAL 640 480 326.38388759140162 320 240 -0.067971138206550458
520 SIMPLE_RADIAL 640 480 338.24176694888399 320 240 -0.066420838279930963
521 SIMPLE_RADIAL 640 480 352.79450043865518 320 240 -0.074124252241455982
522 SIMPLE_RADIAL 640 480 379.98426108796986 320 240 -0.092128792059381334
523 SIMPLE_RADIAL 640 480 383.71027412967732 320 240 -0.094417162005828642
524 SIMPLE_RADIAL 640 480 266.18492200865779 320 240 -0.07688764074149769
525 SIMPLE_RADIAL 640 480 379.93195544854808 320 240 -0.088366801835595879
526 SIMPLE_RADIAL 640 480 382.69999435948216 320 240 -0.094643241680884879
527 SIMPLE_RADIAL 640 480 382.43739907291257 320 240 -0.098022326072233809
528 SIMPLE_RADIAL 640 480 381.24446415920647 320 240 -0.10042665502552678
529 SIMPLE_RADIAL 640 480 393.5499325726604 320 240 -0.12298600593321984
530 SIMPLE_RADIAL 640 480 385.19897319389736 320 240 -0.11370845229437541
531 SIMPLE_RADIAL 640 480 375.1995803323897 320 240 -0.10119761750851269
532 SIMPLE_RADIAL 640 480 388.51405125135443 320 240 -0.11834860657853871
533 SIMPLE_RADIAL 640 480 383.25010808939044 320 240 -0.11424489488376241
534 SIMPLE_RADIAL 640 480 390.14596251947449 320 240 -0.12353835197611619
535 SIMPLE_RADIAL 640 480 254.146344338234 320 240 -0.076664074279229999
536 SIMPLE_RADIAL 640 480 398.33686444712367 320 240 -0.13414359271348381
537 SIMPLE_RADIAL 640 480 443.31151104762887 320 240 -0.2126089902706377
538 SIMPLE_RADIAL 640 480 452.27862669579144 320 240 -0.23085643351544194
539 SIMPLE_RADIAL 640 480 455.29122991135301 320 240 -0.24071168248555141
540 SIMPLE_RADIAL 640 480 464.09265605170066 320 240 -0.2568392145907511
541 SIMPLE_RADIAL 640 480 473.90483460804592 320 240 -0.27584628876782308
542 SIMPLE_RADIAL 640 480 467.97243044428865 320 240 -0.27087326171623016
543 SIMPLE_RADIAL 640 480 468.03000432438608 320 240 -0.27937096758297414
544 SIMPLE_RADIAL 640 480 442.25762390374246 320 240 -0.2497820065143217
545 SIMPLE_RADIAL 640 480 460.77417565747925 320 240 -0.29090995786749285
546 SIMPLE_RADIAL 640 480 254.10401281216545 320 240 -0.076710202579229683
547 SIMPLE_RADIAL 640 480 481.01535478832722 320 240 -0.336450907071768
548 SIMPLE_RADIAL 640 480 502.17160902851879 320 240 -0.38079660105262736
549 SIMPLE_RADIAL 640 480 460.20307580060683 320 240 -0.32794427619246852
550 SIMPLE_RADIAL 640 480 434.07603034916468 320 240 -0.29438059406563527
551 SIMPLE_RADIAL 640 480 403.72494304208561 320 240 -0.25463861716593555
552 SIMPLE_RADIAL 640 480 367.12958249439464 320 240 -0.20368490870836217
553 SIMPLE_RADIAL 640 480 304.20127807567519 320 240 -0.12226821540201736
554 SIMPLE_RADIAL 640 480 285.34151119551012 320 240 -0.10401723856549594
555 SIMPLE_RADIAL 640 480 274.34166421294861 320 240 -0.094276053252006567
556 SIMPLE_RADIAL 640 480 243.74963034477369 320 240 -0.064503740632168086
557 SIMPLE_RADIAL 640 480 254.19355462013004 320 240 -0.076762928486434484
558 SIMPLE_RADIAL 640 480 250.08477715535253 320 240 -0.070794653399156235
559 SIMPLE_RADIAL 640 480 277.93674896127948 320 240 -0.10109087601399643
560 SIMPLE_RADIAL 640 480 284.26709774907522 320 240 -0.10732363544106976
561 SIMPLE_RADIAL 640 480 296.63487504596725 320 240 -0.12043625945284285
562 SIMPLE_RADIAL 640 480 301.19949485327714 320 240 -0.12481474870351164
563 SIMPLE_RADIAL 640 480 307.18475279287509 320 240 -0.13208124532739179
564 SIMPLE_RADIAL 640 480 312.74596597102379 320 240 -0.13914416735705812
565 SIMPLE_RADIAL 640 480 318.16318507371625 320 240 -0.14452597255508731
566 SIMPLE_RADIAL 640 480 320.69350039865498 320 240 -0.1432232272858244
567 SIMPLE_RADIAL 640 480 319.07707390199437 320 240 -0.13454696273812197
568 SIMPLE_RADIAL 640 480 254.22333151133992 320 240 -0.076614258037949884
569 SIMPLE_RADIAL 640 480 321.77567605473121 320 240 -0.13555185147411306
570 SIMPLE_RADIAL 640 480 327.01649548067815 320 240 -0.13898670409199365
571 SIMPLE_RADIAL 640 480 330.8339768861523 320 240 -0.13919465911207099
572 SIMPLE_RADIAL 640 480 333.4602606456225 320 240 -0.13751109701348979
573 SIMPLE_RADIAL 640 480 346.66290261623431 320 240 -0.14075940066258327
574 SIMPLE_RADIAL 640 480 351.22588747081249 320 240 -0.13833941156320709
575 SIMPLE_RADIAL 640 480 357.71117755708639 320 240 -0.14312416683181889
576 SIMPLE_RADIAL 640 480 359.72986079106772 320 240 -0.14276484438777384
577 SIMPLE_RADIAL 640 480 361.15035991254888 320 240 -0.14255774866042481
578 SIMPLE_RADIAL 640 480 356.02360083394433 320 240 -0.13639182932768704
579 SIMPLE_RADIAL 640 480 265.70643663020951 320 240 -0.076886856468893844
580 SIMPLE_RADIAL 640 480 265.5029697051931 320 240 -0.076425006635578829
581 SIMPLE_RADIAL 640 480 355.36707540327052 320 240 -0.13547831202769334
582 SIMPLE_RADIAL 640 480 356.6119231006133 320 240 -0.13678702407190563
583 SIMPLE_RADIAL 640 480 358.22698206537848 320 240 -0.13909012115052832
584 SIMPLE_RADIAL 640 480 350.60824541812713 320 240 -0.1348860258885789
585 SIMPLE_RADIAL 640 480 359.71361859749305 320 240 -0.14419708171167189
586 SIMPLE_RADIAL 640 480 352.23793920103236 320 240 -0.13992882090295072
587 SIMPLE_RADIAL 640 480 343.59665917281768 320 240 -0.13460115616907387
588 SIMPLE_RADIAL 640 480 335.14354810312375 320 240 -0.13012118879632967
589 SIMPLE_RADIAL 640 480 328.18648913026158 320 240 -0.12689598579998518
590 SIMPLE_RADIAL 640 480 320.10885632945877 320 240 -0.12229481572610823
591 SIMPLE_RADIAL 640 480 265.62862442212014 320 240 -0.076392346023810051
592 SIMPLE_RADIAL 640 480 303.17244745788412 320 240 -0.10516081475529131
593 SIMPLE_RADIAL 640 480 293.74574237988958 320 240 -0.10069593017090998
594 SIMPLE_RADIAL 640 480 294.90068405177669 320 240 -0.10314787125382702
595 SIMPLE_RADIAL 640 480 298.94799178886097 320 240 -0.10925546502685436
596 SIMPLE_RADIAL 640 480 308.73818732981442 320 240 -0.12291230826806129
597 SIMPLE_RADIAL 640 480 312.71640423085319 320 240 -0.12766724295267348
598 SIMPLE_RADIAL 640 480 317.19901655947456 320 240 -0.1325711287802212
599 SIMPLE_RADIAL 640 480 321.07594763575446 320 240 -0.13713465959724708
600 SIMPLE_RADIAL 640 480 321.50695671953611 320 240 -0.13735279787401722
601 SIMPLE_RADIAL 640 480 321.75744035842666 320 240 -0.13789582133481776
602 SIMPLE_RADIAL 640 480 265.59062289636626 320 240 -0.076367733227252765
603 SIMPLE_RADIAL 640 480 320.33817430662288 320 240 -0.13724704172155294
604 SIMPLE_RADIAL 640 480 317.94126605580254 320 240 -0.13455649909870127
605 SIMPLE_RADIAL 640 480 315.5223666266877 320 240 -0.13230146286415631
606 SIMPLE_RADIAL 640 480 313.37156247426685 320 240 -0.12733784205175575
607 SIMPLE_RADIAL 640 480 311.26163347953337 320 240 -0.12379865763484796
608 SIMPLE_RADIAL 640 480 307.94527034526743 320 240 -0.11931735837913227
609 SIMPLE_RADIAL 640 480 305.07733092187948 320 240 -0.11521374136811796
610 SIMPLE_RADIAL 640 480 302.92251257373266 320 240 -0.11267593952028608
611 SIMPLE_RADIAL 640 480 299.99071907564502 320 240 -0.10871509049066225
612 SIMPLE_RADIAL 640 480 296.70928237915138 320 240 -0.10272687877476332
613 SIMPLE_RADIAL 640 480 265.08962777496737 320 240 -0.075916767130072671
614 SIMPLE_RADIAL 640 480 295.31460722163376 320 240 -0.10129384271585759
615 SIMPLE_RADIAL 640 480 294.09924355880338 320 240 -0.099779161333783964
616 SIMPLE_RADIAL 640 480 292.68428647631885 320 240 -0.097840753965254518
617 SIMPLE_RADIAL 640 480 292.36732424158032 320 240 -0.097705736274860899
618 SIMPLE_RADIAL 640 480 291.73482542040517 320 240 -0.09684091826033972
619 SIMPLE_RADIAL 640 480 290.46071817185481 320 240 -0.095973308282047087
620 SIMPLE_RADIAL 640 480 289.56112379997205 320 240 -0.095315747277338783
621 SIMPLE_RADIAL 640 480 288.12387561249568 320 240 -0.094409134578674295
622 SIMPLE_RADIAL 640 480 286.68045094638654 320 240 -0.093415123606028619
623 SIMPLE_RADIAL 640 480 285.69217468533668 320 240 -0.092859187994912426
624 SIMPLE_RADIAL 640 480 265.36155141650966 320 240 -0.07620728550392393
625 SIMPLE_RADIAL 640 480 284.37826648254253 320 240 -0.09234049851951695
626 SIMPLE_RADIAL 640 480 283.63898175518057 320 240 -0.091517229195989591
627 SIMPLE_RADIAL 640 480 282.08951187775222 320 240 -0.090174163831694867
628 SIMPLE_RADIAL 640 480 280.84511737529334 320 240 -0.089214318750683044
629 SIMPLE_RADIAL 640 480 280.22302356609839 320 240 -0.088643525107054172
630 SIMPLE_RADIAL 640 480 281.65223816143941 320 240 -0.090511151506894857
631 SIMPLE_RADIAL 640 480 279.93262721814443 320 240 -0.088462532941645855
632 SIMPLE_RADIAL 640 480 278.15650038756439 320 240 -0.086729080277007445
633 SIMPLE_RADIAL 640 480 276.0473653894029 320 240 -0.084530165749837044
634 SIMPLE_RADIAL 640 480 275.54332711090143 320 240 -0.084222883425066036
635 SIMPLE_RADIAL 640 480 265.57240871468053 320 240 -0.076371019362977605
636 SIMPLE_RADIAL 640 480 274.49329554834492 320 240 -0.083236517780588118
637 SIMPLE_RADIAL 640 480 273.91396653324063 320 240 -0.08275390755233232
638 SIMPLE_RADIAL 640 480 274.23593897741512 320 240 -0.082975273413082973
639 SIMPLE_RADIAL 640 480 273.24731990272835 320 240 -0.082202857253978592
640 SIMPLE_RADIAL 640 480 272.15185795719447 320 240 -0.081045266250599643
641 SIMPLE_RADIAL 640 480 271.59900083405216 320 240 -0.080366381745378232
642 SIMPLE_RADIAL 640 480 273.03504243892934 320 240 -0.081850285185504773
643 SIMPLE_RADIAL 640 480 273.35845331905216 320 240 -0.082388894082322833
644 SIMPLE_RADIAL 640 480 273.33984141837192 320 240 -0.082498501685462883
645 SIMPLE_RADIAL 640 480 273.00056981911956 320 240 -0.082249427986315418
646 SIMPLE_RADIAL 640 480 265.56411875060905 320 240 -0.07641480910810268
647 SIMPLE_RADIAL 640 480 273.04719598288756 320 240 -0.082133228412524281
648 SIMPLE_RADIAL 640 480 272.53009555265794 320 240 -0.081393910570712741
649 SIMPLE_RADIAL 640 480 272.05999309083495 320 240 -0.0808653617614494
650 SIMPLE_RADIAL 640 480 271.8325892764471 320 240 -0.080620214352965291
651 SIMPLE_RADIAL 640 480 271.94250876488502 320 240 -0.080598538494668331
652 SIMPLE_RADIAL 640 480 272.10223159472241 320 240 -0.080730370018295222
653 SIMPLE_RADIAL 640 480 271.26792597425094 320 240 -0.079836035306222089
654 SIMPLE_RADIAL 640 480 272.02017698007228 320 240 -0.08071305348537601
655 SIMPLE_RADIAL 640 480 271.97743209057882 320 240 -0.080591165290151409
656 SIMPLE_RADIAL 640 480 272.02952360863446 320 240 -0.080643338460295949
657 SIMPLE_RADIAL 640 480 265.12783647455626 320 240 -0.075929761758162573
658 SIMPLE_RADIAL 640 480 271.67726565232903 320 240 -0.080262498215843303
659 SIMPLE_RADIAL 640 480 271.88069441025402 320 240 -0.080695091584374448
660 SIMPLE_RADIAL 640 480 272.12203361626683 320 240 -0.080762009099122511
661 SIMPLE_RADIAL 640 480 271.89969929881971 320 240 -0.080425284711093684
662 SIMPLE_RADIAL 640 480 271.27171804731472 320 240 -0.080009687926127129
663 SIMPLE_RADIAL 640 480 271.18879703100396 320 240 -0.079955952089107135
664 SIMPLE_RADIAL 640 480 271.29023994563835 320 240 -0.080116615020030937
665 SIMPLE_RADIAL 640 480 271.42461604577716 320 240 -0.080137782487915629
666 SIMPLE_RADIAL 640 480 271.36295342976746 320 240 -0.079953293376188617
667 SIMPLE_RADIAL 640 480 271.32137109173578 320 240 -0.080045741520296157
668 SIMPLE_RADIAL 640 480 265.28299188348939 320 240 -0.076325090395351042
669 SIMPLE_RADIAL 640 480 271.72183996949752 320 240 -0.080412775189289493
670 SIMPLE_RADIAL 640 480 271.82815972991045 320 240 -0.080503957800872272
671 SIMPLE_RADIAL 640 480 271.51474843835905 320 240 -0.080244147334884747
672 SIMPLE_RADIAL 640 480 271.25289857471978 320 240 -0.080027690974761978
673 SIMPLE_RADIAL 640 480 270.9995572460009 320 240 -0.079770934982582947
674 SIMPLE_RADIAL 640 480 271.29135069972233 320 240 -0.079960731093076609
675 SIMPLE_RADIAL 640 480 271.55964640680287 320 240 -0.080136221631319088
676 SIMPLE_RADIAL 640 480 271.88330706499499 320 240 -0.080404926115657055
677 SIMPLE_RADIAL 640 480 271.72481575844495 320 240 -0.080481009297709516
678 SIMPLE_RADIAL 640 480 271.83753612368918 320 240 -0.080567912106068257
679 SIMPLE_RADIAL 640 480 254.1274526752928 320 240 -0.076626012594965418
680 SIMPLE_RADIAL 640 480 271.42984662648087 320 240 -0.080088719062459457
681 SIMPLE_RADIAL 640 480 271.42685823845187 320 240 -0.080118481351446197
682 SIMPLE_RADIAL 640 480 271.34477816619079 320 240 -0.080038174441067825
683 SIMPLE_RADIAL 640 480 271.57934036178204 320 240 -0.080188239104778986
684 SIMPLE_RADIAL 640 480 271.65785084696557 320 240 -0.080221821617721331
685 SIMPLE_RADIAL 640 480 271.44559249571279 320 240 -0.079984375425577403
686 SIMPLE_RADIAL 640 480 271.82771926768362 320 240 -0.080455466142099627
687 SIMPLE_RADIAL 640 480 271.43930592489062 320 240 -0.079989497249312175
688 SIMPLE_RADIAL 640 480 271.68786822421276 320 240 -0.080236634017290226
689 SIMPLE_RADIAL 640 480 271.36528817390564 320 240 -0.080012582281926786
690 SIMPLE_RADIAL 640 480 264.97432624104613 320 240 -0.075934637101204752
691 SIMPLE_RADIAL 640 480 254.07739352812609 320 240 -0.076603531211423589
692 SIMPLE_RADIAL 640 480 271.38847155232884 320 240 -0.080008026538019181
693 SIMPLE_RADIAL 640 480 271.54569175658497 320 240 -0.080063181557853511
694 SIMPLE_RADIAL 640 480 271.56133654006948 320 240 -0.080011512871982785
695 SIMPLE_RADIAL 640 480 271.34649376565233 320 240 -0.079913742425869558
696 SIMPLE_RADIAL 640 480 271.21472683683083 320 240 -0.079896503013532447
697 SIMPLE_RADIAL 640 480 272.25017874264427 320 240 -0.080803255416613859
698 SIMPLE_RADIAL 640 480 271.41086376909357 320 240 -0.079971964817104793
699 SIMPLE_RADIAL 640 480 271.5031409351401 320 240 -0.080111339535781201
700 SIMPLE_RADIAL 640 480 271.48935272471687 320 240 -0.080070855868985422
701 SIMPLE_RADIAL 640 480 271.50873790236091 320 240 -0.080049179387449029
702 SIMPLE_RADIAL 640 480 254.1321091766427 320 240 -0.076611682737368694
703 SIMPLE_RADIAL 640 480 271.25785248859478 320 240 -0.07983238269519638
704 SIMPLE_RADIAL 640 480 271.77927778997088 320 240 -0.080316701026597867
705 SIMPLE_RADIAL 640 480 271.7174342921885 320 240 -0.08036408454161742
706 SIMPLE_RADIAL 640 480 271.42681173303617 320 240 -0.079959264867589822
707 SIMPLE_RADIAL 640 480 271.50625296898659 320 240 -0.080166830913333903
708 SIMPLE_RADIAL 640 480 271.48465818935574 320 240 -0.080059134600998699
709 SIMPLE_RADIAL 640 480 271.61781987266659 320 240 -0.080176490979572593
710 SIMPLE_RADIAL 640 480 271.45731529005519 320 240 -0.079959569887249476
711 SIMPLE_RADIAL 640 480 271.6746114031501 320 240 -0.080173585926677393
712 SIMPLE_RADIAL 640 480 271.5689328051759 320 240 -0.08009117600494875
713 SIMPLE_RADIAL 640 480 254.20917561039954 320 240 -0.076633863290814813
714 SIMPLE_RADIAL 640 480 271.45730106912049 320 240 -0.080056968715151292
715 SIMPLE_RADIAL 640 480 271.59067889136634 320 240 -0.080189536053240529
716 SIMPLE_RADIAL 640 480 271.65794585168868 320 240 -0.080172291643687804
717 SIMPLE_RADIAL 640 480 271.60442368581499 320 240 -0.080148536507873194
718 SIMPLE_RADIAL 640 480 271.49386860150537 320 240 -0.079975670116551378
719 SIMPLE_RADIAL 640 480 271.69219382235701 320 240 -0.080188739847247711
720 SIMPLE_RADIAL 640 480 271.59507057901925 320 240 -0.080100211390980683
721 SIMPLE_RADIAL 640 480 271.44894141936044 320 240 -0.080027355337410469
722 SIMPLE_RADIAL 640 480 271.64284053519498 320 240 -0.080207688484830883
723 SIMPLE_RADIAL 640 480 271.6448149063296 320 240 -0.080289097279398369
724 SIMPLE_RADIAL 640 480 265.65964232621064 320 240 -0.076668749323379082
725 SIMPLE_RADIAL 640 480 271.52458335253675 320 240 -0.079855650244439524
726 SIMPLE_RADIAL 640 480 271.52228853174046 320 240 -0.080090801736687048
727 SIMPLE_RADIAL 640 480 271.72445019523525 320 240 -0.080365386391412177
728 SIMPLE_RADIAL 640 480 271.53281299591288 320 240 -0.080011332856520095
729 SIMPLE_RADIAL 640 480 271.556009026791 320 240 -0.08017367975548742
730 SIMPLE_RADIAL 640 480 271.68172440200817 320 240 -0.080233006921488548
731 SIMPLE_RADIAL 640 480 271.84894765913162 320 240 -0.080460529164565392
732 SIMPLE_RADIAL 640 480 271.46057984513061 320 240 -0.079942508304148938
733 SIMPLE_RADIAL 640 480 271.52291291226226 320 240 -0.080079228895505367
734 SIMPLE_RADIAL 640 480 271.60071648471387 320 240 -0.08009722645982735
735 SIMPLE_RADIAL 640 480 265.17929500720254 320 240 -0.075652526834232833
736 SIMPLE_RADIAL 640 480 271.62591438794675 320 240 -0.080147867968338463
737 SIMPLE_RADIAL 640 480 271.66835943310679 320 240 -0.080251499549442801
738 SIMPLE_RADIAL 640 480 271.55036620616045 320 240 -0.080082780829002817
739 SIMPLE_RADIAL 640 480 271.61885815255704 320 240 -0.080197581885652458
740 SIMPLE_RADIAL 640 480 271.71428834099345 320 240 -0.080271951607805161
741 SIMPLE_RADIAL 640 480 271.83127736320967 320 240 -0.080447988797429523
742 SIMPLE_RADIAL 640 480 271.65830072695411 320 240 -0.080299066724083573
743 SIMPLE_RADIAL 640 480 271.91222693081039 320 240 -0.08033696209617755
744 SIMPLE_RADIAL 640 480 271.71084698512459 320 240 -0.08028074832958175
745 SIMPLE_RADIAL 640 480 271.71697617489599 320 240 -0.080283363518995954
746 SIMPLE_RADIAL 640 480 265.34755917699982 320 240 -0.076316375297212913
747 SIMPLE_RADIAL 640 480 271.48719843288302 320 240 -0.080008922219901232
748 SIMPLE_RADIAL 640 480 271.4861236545421 320 240 -0.080107859939738624
749 SIMPLE_RADIAL 640 480 271.68705106983066 320 240 -0.080227956430519429
750 SIMPLE_RADIAL 640 480 271.45555130984002 320 240 -0.080064649391078699
751 SIMPLE_RADIAL 640 480 271.77035840378545 320 240 -0.080219845346682306
752 SIMPLE_RADIAL 640 480 271.73937092008265 320 240 -0.08028267811090975
753 SIMPLE_RADIAL 640 480 271.59159750058058 320 240 -0.080154465401875583
754 SIMPLE_RADIAL 640 480 271.93224861004143 320 240 -0.080483652659920746
755 SIMPLE_RADIAL 640 480 271.81326844972318 320 240 -0.080381047455232113
756 SIMPLE_RADIAL 640 480 271.43352254597215 320 240 -0.080039423288883971
757 SIMPLE_RADIAL 640 480 264.87814607339891 320 240 -0.075646826359449915
758 SIMPLE_RADIAL 640 480 271.59527577937109 320 240 -0.080111161194312774
759 SIMPLE_RADIAL 640 480 271.42923129116684 320 240 -0.07999228293528389
760 SIMPLE_RADIAL 640 480 271.67421439228298 320 240 -0.080168840003367964
761 SIMPLE_RADIAL 640 480 271.86557757840137 320 240 -0.080367102607834681
762 SIMPLE_RADIAL 640 480 271.38508168796147 320 240 -0.079853850051505026
763 SIMPLE_RADIAL 640 480 271.39710507140956 320 240 -0.079947489447067574
764 SIMPLE_RADIAL 640 480 271.51586051413182 320 240 -0.080008970298078491
765 SIMPLE_RADIAL 640 480 271.42343646533146 320 240 -0.080074530167223532
766 SIMPLE_RADIAL 640 480 271.34525898560054 320 240 -0.079951311908472225
767 SIMPLE_RADIAL 640 480 271.87550089755479 320 240 -0.080382023556722873
768 SIMPLE_RADIAL 640 480 265.63481273649188 320 240 -0.076726637852562007
769 SIMPLE_RADIAL 640 480 271.76591690356179 320 240 -0.08030696160969085
770 SIMPLE_RADIAL 640 480 271.44492094256583 320 240 -0.080088039774849185
771 SIMPLE_RADIAL 640 480 271.63952509113619 320 240 -0.080291226565390103
772 SIMPLE_RADIAL 640 480 271.70412388684042 320 240 -0.080328654866275134
773 SIMPLE_RADIAL 640 480 271.57326214031929 320 240 -0.080216201054201894
774 SIMPLE_RADIAL 640 480 271.46119918501478 320 240 -0.080024327845472379
775 SIMPLE_RADIAL 640 480 271.74132277341295 320 240 -0.080394844579729188
776 SIMPLE_RADIAL 640 480 271.67794796303764 320 240 -0.080235890261083728
777 SIMPLE_RADIAL 640 480 271.74146006707514 320 240 -0.080300856989371117
778 SIMPLE_RADIAL 640 480 271.421304916888 320 240 -0.080075700971992819
779 SIMPLE_RADIAL 640 480 265.66605977918556 320 240 -0.076604144650887718
780 SIMPLE_RADIAL 640 480 271.5579125649362 320 240 -0.080193090029948511
781 SIMPLE_RADIAL 640 480 271.33311036368468 320 240 -0.07993749350031755
782 SIMPLE_RADIAL 640 480 271.60216709936975 320 240 -0.080172509127050914
783 SIMPLE_RADIAL 640 480 271.27783424123226 320 240 -0.079874049489123217
784 SIMPLE_RADIAL 640 480 271.14456332347436 320 240 -0.079617323615661609
785 SIMPLE_RADIAL 640 480 271.67355545106017 320 240 -0.080171698685186907
786 SIMPLE_RADIAL 640 480 271.81553720489825 320 240 -0.080362266834516138
787 SIMPLE_RADIAL 640 480 271.78591243094758 320 240 -0.080210684388157288
788 SIMPLE_RADIAL 640 480 271.3089966356967 320 240 -0.079874741582811437
789 SIMPLE_RADIAL 640 480 271.61060315830582 320 240 -0.080166635166521241
790 SIMPLE_RADIAL 640 480 265.08254399480518 320 240 -0.076041050113447001
791 SIMPLE_RADIAL 640 480 271.53890571584282 320 240 -0.080111298933326108
792 SIMPLE_RADIAL 640 480 271.24983185442443 320 240 -0.079687789232941231
793 SIMPLE_RADIAL 640 480 271.84402137529668 320 240 -0.080282822066109927
794 SIMPLE_RADIAL 640 480 271.82356867237218 320 240 -0.080376009617958821
795 SIMPLE_RADIAL 640 480 272.02417473108693 320 240 -0.080483201742385449
796 SIMPLE_RADIAL 640 480 271.90837692500247 320 240 -0.080649252053288503
797 SIMPLE_RADIAL 640 480 272.05622059637847 320 240 -0.080594722534176988
798 SIMPLE_RADIAL 640 480 271.38164895469595 320 240 -0.080064516601964217
799 SIMPLE_RADIAL 640 480 271.88200458018673 320 240 -0.080372988138967233
800 SIMPLE_RADIAL 640 480 271.5806547606731 320 240 -0.08024322539133702
801 SIMPLE_RADIAL 640 480 265.60605424128721 320 240 -0.076465124704626269
802 SIMPLE_RADIAL 640 480 265.52579824478676 320 240 -0.076453681538199453
803 SIMPLE_RADIAL 640 480 271.90643605851409 320 240 -0.080369940180980634
804 SIMPLE_RADIAL 640 480 272.23263968462265 320 240 -0.080932355401109837
805 SIMPLE_RADIAL 640 480 271.54415558876013 320 240 -0.080198863326749373
806 SIMPLE_RADIAL 640 480 271.76650924317539 320 240 -0.080340322433624781
807 SIMPLE_RADIAL 640 480 272.13400944374268 320 240 -0.080691617626590273
808 SIMPLE_RADIAL 640 480 271.75335408072868 320 240 -0.080246560525370644
809 SIMPLE_RADIAL 640 480 271.11927908952998 320 240 -0.079777013120511067
810 SIMPLE_RADIAL 640 480 271.43304027411909 320 240 -0.080002704362897206
811 SIMPLE_RADIAL 640 480 271.69905053923623 320 240 -0.080261714687013708
812 SIMPLE_RADIAL 640 480 272.15057335810206 320 240 -0.080745123126926499
813 SIMPLE_RADIAL 640 480 265.2180647755012 320 240 -0.076313357523198358
814 SIMPLE_RADIAL 640 480 271.70640503540233 320 240 -0.080317119655946734
815 SIMPLE_RADIAL 640 480 271.76021874499662 320 240 -0.08040165099392739
816 SIMPLE_RADIAL 640 480 271.68964917696547 320 240 -0.080297259199264573
817 SIMPLE_RADIAL 640 480 271.52918481572323 320 240 -0.080186992628442103
818 SIMPLE_RADIAL 640 480 271.7131467150914 320 240 -0.08031737017011413
819 SIMPLE_RADIAL 640 480 271.6240210592378 320 240 -0.080270526098060013
820 SIMPLE_RADIAL 640 480 271.46852864315611 320 240 -0.080131294491512128
821 SIMPLE_RADIAL 640 480 271.69033300296326 320 240 -0.080254617582314974
822 SIMPLE_RADIAL 640 480 271.7779928116488 320 240 -0.080415440299960325
823 SIMPLE_RADIAL 640 480 271.74714562031477 320 240 -0.080195130496760733
824 SIMPLE_RADIAL 640 480 265.5967262111397 320 240 -0.076882836270589769
825 SIMPLE_RADIAL 640 480 271.71085978382843 320 240 -0.08044896505176645
826 SIMPLE_RADIAL 640 480 271.3253058746231 320 240 -0.080022409561593053
827 SIMPLE_RADIAL 640 480 271.46145842132796 320 240 -0.080034559108271119
828 SIMPLE_RADIAL 640 480 271.82096746854478 320 240 -0.080361244696579279
829 SIMPLE_RADIAL 640 480 271.1505097143658 320 240 -0.079856612116365105
830 SIMPLE_RADIAL 640 480 271.86623706940088 320 240 -0.080504088580189578
831 SIMPLE_RADIAL 640 480 271.80446749022298 320 240 -0.080419349198602483
832 SIMPLE_RADIAL 640 480 271.82687405961235 320 240 -0.080456624293688134
833 SIMPLE_RADIAL 640 480 272.15686595581559 320 240 -0.0807730073359295
834 SIMPLE_RADIAL 640 480 271.9968577571949 320 240 -0.080710815482068557
835 SIMPLE_RADIAL 640 480 265.00251488091158 320 240 -0.07597859293752969
836 SIMPLE_RADIAL 640 480 271.94185419691405 320 240 -0.080466473079519499
837 SIMPLE_RADIAL 640 480 271.98931931423272 320 240 -0.080715621820273004
838 SIMPLE_RADIAL 640 480 272.21029543094249 320 240 -0.080824666463471265
839 SIMPLE_RADIAL 640 480 272.18669585867991 320 240 -0.080794812379284722
840 SIMPLE_RADIAL 640 480 272.09603984071879 320 240 -0.08056769550346328
841 SIMPLE_RADIAL 640 480 272.35226737214299 320 240 -0.080776331077667338
842 SIMPLE_RADIAL 640 480 271.41709934687537 320 240 -0.079989864737755018
843 SIMPLE_RADIAL 640 480 271.35542932543132 320 240 -0.080050086934654277
844 SIMPLE_RADIAL 640 480 271.63137019231112 320 240 -0.080307338621849494
845 SIMPLE_RADIAL 640 480 271.70156640971442 320 240 -0.080495778185211309
846 SIMPLE_RADIAL 640 480 265.55507373972853 320 240 -0.076544144832929775
847 SIMPLE_RADIAL 640 480 271.77200602356731 320 240 -0.080514474602229366
848 SIMPLE_RADIAL 640 480 271.40875481280676 320 240 -0.080242817988408696
849 SIMPLE_RADIAL 640 480 271.69676709451892 320 240 -0.080384483797236672
850 SIMPLE_RADIAL 640 480 271.31644536836296 320 240 -0.0800071201486484
851 SIMPLE_RADIAL 640 480 271.76147692241494 320 240 -0.080460532225560238
852 SIMPLE_RADIAL 640 480 271.20480223805026 320 240 -0.079905228722802105
853 SIMPLE_RADIAL 640 480 271.56832037008428 320 240 -0.080258406481004199
854 SIMPLE_RADIAL 640 480 271.19228151347386 320 240 -0.080027241122409443
855 SIMPLE_RADIAL 640 480 271.63533897130441 320 240 -0.08036519870588292
856 SIMPLE_RADIAL 640 480 271.70345211444362 320 240 -0.08054492137243778
857 SIMPLE_RADIAL 640 480 265.7314321205979 320 240 -0.077098905317655717
858 SIMPLE_RADIAL 640 480 271.83486786349187 320 240 -0.08081819946029252
859 SIMPLE_RADIAL 640 480 271.7945206538771 320 240 -0.080697655973024876
860 SIMPLE_RADIAL 640 480 271.8000007181617 320 240 -0.080853066643756868
861 SIMPLE_RADIAL 640 480 272.212490807123 320 240 -0.081365556607657832
862 SIMPLE_RADIAL 640 480 271.87960009820455 320 240 -0.081012883527068841
863 SIMPLE_RADIAL 640 480 272.16137473773881 320 240 -0.081432364659516296
864 SIMPLE_RADIAL 640 480 271.85165226395083 320 240 -0.081268786268153162
865 SIMPLE_RADIAL 640 480 271.85593527277189 320 240 -0.08140328220165069
866 SIMPLE_RADIAL 640 480 271.49193430407433 320 240 -0.081197436880546509
867 SIMPLE_RADIAL 640 480 270.54230275375073 320 240 -0.080243408778562064
868 SIMPLE_RADIAL 640 480 265.66650088028348 320 240 -0.076666681385887267
869 SIMPLE_RADIAL 640 480 270.10927130346352 320 240 -0.079823969877430387
870 SIMPLE_RADIAL 640 480 269.90817171840229 320 240 -0.079667055344706542
871 SIMPLE_RADIAL 640 480 269.64002805468567 320 240 -0.079618793273904975
872 SIMPLE_RADIAL 640 480 269.45983915094519 320 240 -0.079451959146176046
873 SIMPLE_RADIAL 640 480 269.44345987383173 320 240 -0.079734077156219219
874 SIMPLE_RADIAL 640 480 269.30998091893139 320 240 -0.079805504274256034
875 SIMPLE_RADIAL 640 480 269.10625563634449 320 240 -0.079596901884763746
876 SIMPLE_RADIAL 640 480 268.53898183995989 320 240 -0.078939647402591018
877 SIMPLE_RADIAL 640 480 268.71255423668282 320 240 -0.079613974769645476
878 SIMPLE_RADIAL 640 480 268.61451064282807 320 240 -0.079771800198510212
879 SIMPLE_RADIAL 640 480 265.54505785180532 320 240 -0.076488680710585358
880 SIMPLE_RADIAL 640 480 268.60232085565571 320 240 -0.079547783959471666
881 SIMPLE_RADIAL 640 480 269.88030637777945 320 240 -0.080974126219833936
882 SIMPLE_RADIAL 640 480 269.9072276117758 320 240 -0.080486047020864662
883 SIMPLE_RADIAL 640 480 269.92681503407454 320 240 -0.080332932110085353
884 SIMPLE_RADIAL 640 480 270.20561241150335 320 240 -0.080444672208050627
885 SIMPLE_RADIAL 640 480 268.41666550104748 320 240 -0.078513892383004755
886 SIMPLE_RADIAL 640 480 271.4356248119949 320 240 -0.081748860388462033
887 SIMPLE_RADIAL 640 480 274.15906096642095 320 240 -0.084484314904273772
888 SIMPLE_RADIAL 640 480 273.44807149247862 320 240 -0.083592818048119286
889 SIMPLE_RADIAL 640 480 274.23619638985616 320 240 -0.084239108145172076
890 SIMPLE_RADIAL 640 480 265.93701581662481 320 240 -0.077039610013491383
891 SIMPLE_RADIAL 640 480 274.76433496318054 320 240 -0.084721228997929485
892 SIMPLE_RADIAL 640 480 275.65271960028275 320 240 -0.086254811045808052
893 SIMPLE_RADIAL 640 480 276.09340706223787 320 240 -0.087851427763807277
894 SIMPLE_RADIAL 640 480 276.04947169208992 320 240 -0.08938622000788618
895 SIMPLE_RADIAL 640 480 276.57258161607484 320 240 -0.091585820925757622
896 SIMPLE_RADIAL 640 480 277.5647740223767 320 240 -0.095046899639923479
897 SIMPLE_RADIAL 640 480 283.80191666185101 320 240 -0.10840186184310507
898 SIMPLE_RADIAL 640 480 285.25647946808164 320 240 -0.11086233697303842
899 SIMPLE_RADIAL 640 480 286.45350202543102 320 240 -0.11883730953247455
900 SIMPLE_RADIAL 640 480 274.45452554742002 320 240 -0.10703186529334421
901 SIMPLE_RADIAL 640 480 265.21478703723869 320 240 -0.076239123058572722
902 SIMPLE_RADIAL 640 480 278.93119778163407 320 240 -0.11787251604831467
903 SIMPLE_RADIAL 640 480 279.28550137642065 320 240 -0.12303158411723114
904 SIMPLE_RADIAL 640 480 278.70012284347575 320 240 -0.12226300900329624
905 SIMPLE_RADIAL 640 480 276.68158279243312 320 240 -0.10992169083821456
906 SIMPLE_RADIAL 640 480 292.13842533272913 320 240 -0.12574478659713756
907 SIMPLE_RADIAL 640 480 324.6799844610336 320 240 -0.1691008547601591
908 SIMPLE_RADIAL 640 480 271.4348186955047 320 240 -0.086691632254870588
909 SIMPLE_RADIAL 640 480 278.95708800336018 320 240 -0.082712991616974194
910 SIMPLE_RADIAL 640 480 379.99097247685046 320 240 -0.15049851035194831
911 SIMPLE_RADIAL 640 480 281.97218754867578 320 240 -0.085119295327927155
912 SIMPLE_RADIAL 640 480 254.22720064534991 320 240 -0.077396947327615317
913 SIMPLE_RADIAL 640 480 254.18705867906903 320 240 -0.077015109976069446
914 SIMPLE_RADIAL 640 480 377.33126665165344 320 240 -0.1489538949228533
915 SIMPLE_RADIAL 640 480 382.39839903558175 320 240 -0.15390960959090511
916 SIMPLE_RADIAL 640 480 389.60302602752284 320 240 -0.16087362377049716
917 SIMPLE_RADIAL 640 480 396.84740145073204 320 240 -0.16810520236533744
918 SIMPLE_RADIAL 640 480 406.86240084640002 320 240 -0.17923103174654584
919 SIMPLE_RADIAL 640 480 417.23745134323065 320 240 -0.19536912120549374
920 SIMPLE_RADIAL 640 480 427.96391227404825 320 240 -0.21130512736206114
921 SIMPLE_RADIAL 640 480 438.23405749567371 320 240 -0.22429942133942465
922 SIMPLE_RADIAL 640 480 449.15550796878807 320 240 -0.2413489563210561
923 SIMPLE_RADIAL 640 480 472.68348991149196 320 240 -0.27838866394775763
924 SIMPLE_RADIAL 640 480 254.22751518323469 320 240 -0.076707967275292652
925 SIMPLE_RADIAL 640 480 488.65186335615363 320 240 -0.30274303634306704
926 SIMPLE_RADIAL 640 480 507.36150872248203 320 240 -0.331805072799425
927 SIMPLE_RADIAL 640 480 530.90336178124608 320 240 -0.37051287678267492
928 SIMPLE_RADIAL 640 480 557.49643693089308 320 240 -0.41469739899235331
929 SIMPLE_RADIAL 640 480 587.10551804512386 320 240 -0.46473568214178362
930 SIMPLE_RADIAL 640 480 625.14566369692568 320 240 -0.54324569072294726
931 SIMPLE_RADIAL 640 480 668.97690803304715 320 240 -0.64829806570292325
932 SIMPLE_RADIAL 640 480 716.32615876414468 320 240 -0.76137968785413401
933 SIMPLE_RADIAL 640 480 775.76457495053296 320 240 -0.92975839944399996
934 SIMPLE_RADIAL 640 480 825.57721452558587 320 240 -1.0736795189667943
935 SIMPLE_RADIAL 640 480 254.16114396040547 320 240 -0.076672875950961006
936 SIMPLE_RADIAL 640 480 876.75089568721728 320 240 -1.2347994720674476
937 SIMPLE_RADIAL 640 480 1005.8294590479092 320 240 -1.8106261766157516
938 SIMPLE_RADIAL 640 480 1047.705135082753 320 240 -1.9497877010756479
939 SIMPLE_RADIAL 640 480 1114.8932389782008 320 240 -2.263841936696477
940 SIMPLE_RADIAL 640 480 1169.8857169732082 320 240 -2.562586016151299
941 SIMPLE_RADIAL 640 480 1158.9299769686891 320 240 -2.5008653294199696
942 SIMPLE_RADIAL 640 480 1161.7037798140113 320 240 -2.5960000352204329
943 SIMPLE_RADIAL 640 480 1082.418767921034 320 240 -2.2600297427889213
944 SIMPLE_RADIAL 640 480 1051.1403524693574 320 240 -2.1623951275206696
945 SIMPLE_RADIAL 640 480 988.68989503650459 320 240 -2.0235811513476429
946 SIMPLE_RADIAL 640 480 254.15296613399514 320 240 -0.076547565357249547
947 SIMPLE_RADIAL 640 480 945.20054530024561 320 240 -1.8466746604187045
948 SIMPLE_RADIAL 640 480 933.02002885792342 320 240 -1.8261760809025864
949 SIMPLE_RADIAL 640 480 915.96462811547826 320 240 -1.8284791385323689
950 SIMPLE_RADIAL 640 480 894.99857508738364 320 240 -1.8181492019363095
951 SIMPLE_RADIAL 640 480 818.58023710990574 320 240 -1.4542224237454768
952 SIMPLE_RADIAL 640 480 736.84906533664162 320 240 -1.1086492169502218
957 SIMPLE_RADIAL 640 480 254.04210440596782 320 240 -0.076591430837891938
968 SIMPLE_RADIAL 640 480 264.50599364161263 320 240 -0.075044316726641552
979 SIMPLE_RADIAL 640 480 264.69851963818371 320 240 -0.075382964017454271
990 SIMPLE_RADIAL 640 480 265.05751885550097 320 240 -0.075765328478831051
1001 SIMPLE_RADIAL 640 480 265.89017609867528 320 240 -0.076911455466947234
1012 SIMPLE_RADIAL 640 480 266.31767616759322 320 240 -0.077040830695867521
1023 SIMPLE_RADIAL 640 480 265.60798256826121 320 240 -0.076880140650571721
1024 SIMPLE_RADIAL 640 480 265.68674092919429 320 240 -0.076949603588960566
1035 SIMPLE_RADIAL 640 480 265.25813592568227 320 240 -0.076096157807343329
1046 SIMPLE_RADIAL 640 480 265.35377929545814 320 240 -0.07620493352354113
1057 SIMPLE_RADIAL 640 480 265.39910664779313 320 240 -0.076481141785697621
1068 SIMPLE_RADIAL 640 480 266.80663742147709 320 240 -0.077250237573002575
1079 SIMPLE_RADIAL 640 480 265.18275097906195 320 240 -0.075851200639102431
1090 SIMPLE_RADIAL 640 480 265.78515573875973 320 240 -0.076461122635060455
1101 SIMPLE_RADIAL 640 480 266.48251572579863 320 240 -0.07668016318194415
1112 SIMPLE_RADIAL 640 480 265.51801580775202 320 240 -0.07646367874048636
1123 SIMPLE_RADIAL 640 480 265.7302377945569 320 240 -0.076386996103733104
1134 SIMPLE_RADIAL 640 480 265.80721824952104 320 240 -0.076683746183894161
1135 SIMPLE_RADIAL 640 480 265.74139479005515 320 240 -0.076697426590237525
1146 SIMPLE_RADIAL 640 480 265.97327215351663 320 240 -0.077002219570410271
1157 SIMPLE_RADIAL 640 480 265.27774672579972 320 240 -0.076308778236976751
1168 SIMPLE_RADIAL 640 480 254.13418467202052 320 240 -0.076620330878004475
1179 SIMPLE_RADIAL 640 480 265.76120400918813 320 240 -0.07655498234668251
1190 SIMPLE_RADIAL 640 480 265.81819727631307 320 240 -0.076597896492546183
1201 SIMPLE_RADIAL 640 480 266.1847131676779 320 240 -0.076757836893770984
1212 SIMPLE_RADIAL 640 480 264.7328628251538 320 240 -0.07549187457052936
1223 SIMPLE_RADIAL 640 480 264.71508218886032 320 240 -0.075261930479118735
1234 SIMPLE_RADIAL 640 480 265.98030768079695 320 240 -0.076449992622562579
1245 SIMPLE_RADIAL 640 480 265.10563040504769 320 240 -0.075733640362596291
1246 SIMPLE_RADIAL 640 480 264.77352515824856 320 240 -0.075407575774648863
1257 SIMPLE_RADIAL 640 480 265.76962620085709 320 240 -0.076380256696549284
1268 SIMPLE_RADIAL 640 480 265.64327360831766 320 240 -0.076332068371434844
1279 SIMPLE_RADIAL 640 480 265.45958799170603 320 240 -0.076549389056579056
1290 SIMPLE_RADIAL 640 480 265.54177856097994 320 240 -0.076210692245971198
1301 SIMPLE_RADIAL 640 480 265.44821948236381 320 240 -0.076305078684308913
1312 SIMPLE_RADIAL 640 480 265.56224234831643 320 240 -0.076475874238523464
1323 SIMPLE_RADIAL 640 480 265.96268863410512 320 240 -0.076605730904183586
1334 SIMPLE_RADIAL 640 480 265.35297743266023 320 240 -0.076222510399379134
1345 SIMPLE_RADIAL 640 480 265.60460436383858 320 240 -0.076445666458392708
1356 SIMPLE_RADIAL 640 480 279.67594593609709 320 240 -0.083010349407590875
1357 SIMPLE_RADIAL 640 480 280.55085333599749 320 240 -0.083600845088821527
1358 SIMPLE_RADIAL 640 480 280.41079924963782 320 240 -0.083698008335967161
1359 SIMPLE_RADIAL 640 480 280.62995542780277 320 240 -0.084189756133381935
1361 SIMPLE_RADIAL 640 480 280.32010402732027 320 240 -0.083769145509761681
1362 SIMPLE_RADIAL 640 480 280.32661595091116 320 240 -0.083656049727977216
1363 SIMPLE_RADIAL 640 480 280.54463036068887 320 240 -0.083734905845860602
1364 SIMPLE_RADIAL 640 480 280.36947288102488 320 240 -0.083651124282618908
1365 SIMPLE_RADIAL 640 480 280.25332947488056 320 240 -0.083541495506773172
1366 SIMPLE_RADIAL 640 480 280.37573575891656 320 240 -0.083590885707065091
1367 SIMPLE_RADIAL 640 480 280.3663733627277 320 240 -0.083563390487714523
1368 SIMPLE_RADIAL 640 480 280.30954740541489 320 240 -0.08369972684830701
1369 SIMPLE_RADIAL 640 480 280.39523935005093 320 240 -0.083696721405446803
1370 SIMPLE_RADIAL 640 480 280.25197207025002 320 240 -0.083602771719063246
1371 SIMPLE_RADIAL 640 480 280.33389735567789 320 240 -0.083701700508591909
1372 SIMPLE_RADIAL 640 480 280.10936486503311 320 240 -0.083049145904822624
1373 SIMPLE_RADIAL 640 480 279.74735032713699 320 240 -0.083018811616633298
1374 SIMPLE_RADIAL 640 480 280.24709043559164 320 240 -0.083564170553550754
1375 SIMPLE_RADIAL 640 480 280.43282225761288 320 240 -0.083634738597635122
1376 SIMPLE_RADIAL 640 480 279.62243130264392 320 240 -0.082944407490109631
1377 SIMPLE_RADIAL 640 480 280.32442421173221 320 240 -0.083640992338308032
1378 SIMPLE_RADIAL 640 480 280.27859939825765 320 240 -0.083752783164027997
1379 SIMPLE_RADIAL 640 480 280.43462756156907 320 240 -0.083704181135811934
1380 SIMPLE_RADIAL 640 480 279.77597117910528 320 240 -0.08314951328831327
1381 SIMPLE_RADIAL 640 480 280.25788356754578 320 240 -0.083649175794863861
1382 SIMPLE_RADIAL 640 480 280.33601744420355 320 240 -0.083732579471244045
1383 SIMPLE_RADIAL 640 480 280.39059008476164 320 240 -0.083774228307359755
1384 SIMPLE_RADIAL 640 480 280.31736113765584 320 240 -0.083742658291229219
1385 SIMPLE_RADIAL 640 480 281.44841368911051 320 240 -0.083371161288016513
1386 SIMPLE_RADIAL 640 480 280.32258289729072 320 240 -0.083701963691592482
1387 SIMPLE_RADIAL 640 480 280.32722507023897 320 240 -0.083603111412438508
1388 SIMPLE_RADIAL 640 480 283.8829336658444 320 240 -0.085300531895438736
1389 SIMPLE_RADIAL 640 480 281.07802267389707 320 240 -0.083242456419497735
1390 SIMPLE_RADIAL 640 480 280.12209427970993 320 240 -0.083570781209752948
1391 SIMPLE_RADIAL 640 480 280.34676612872414 320 240 -0.083510222654603034
1392 SIMPLE_RADIAL 640 480 280.37643373117191 320 240 -0.08379045552751449
1393 SIMPLE_RADIAL 640 480 280.28223589990057 320 240 -0.083721267013920297
1394 SIMPLE_RADIAL 640 480 280.25107697771728 320 240 -0.083690347190720299
1395 SIMPLE_RADIAL 640 480 280.33080413563363 320 240 -0.083605344680813112
1396 SIMPLE_RADIAL 640 480 280.42565527341054 320 240 -0.083782816121847431
1397 SIMPLE_RADIAL 640 480 280.09685476001135 320 240 -0.083801304383986627
1398 SIMPLE_RADIAL 640 480 280.19275495897404 320 240 -0.083594761063121706
1399 SIMPLE_RADIAL 640 480 280.37583388176967 320 240 -0.08362259929381842
1400 SIMPLE_RADIAL 640 480 280.3256651962522 320 240 -0.083830717229064294
1401 SIMPLE_RADIAL 640 480 280.21312013637061 320 240 -0.083739774644896292
1402 SIMPLE_RADIAL 640 480 280.44947562940257 320 240 -0.083546194041169669
1403 SIMPLE_RADIAL 640 480 280.34564015326782 320 240 -0.083886138303655544
1404 SIMPLE_RADIAL 640 480 280.34909091365921 320 240 -0.083700198258831862
1405 SIMPLE_RADIAL 640 480 280.32554059113255 320 240 -0.083713818299547035
1406 SIMPLE_RADIAL 640 480 280.3321124449626 320 240 -0.08377999220654489
1407 SIMPLE_RADIAL 640 480 280.19812187646374 320 240 -0.083717294558670913
1408 SIMPLE_RADIAL 640 480 280.23045556189254 320 240 -0.083657753770360777
1409 SIMPLE_RADIAL 640 480 279.99713607353476 320 240 -0.0844539260226667
1410 SIMPLE_RADIAL 640 480 280.24741946990127 320 240 -0.083599816063838289
1411 SIMPLE_RADIAL 640 480 280.26365276793064 320 240 -0.08374383922477871
1412 SIMPLE_RADIAL 640 480 280.2054470608166 320 240 -0.083745456587846948
1413 SIMPLE_RADIAL 640 480 279.9737010254579 320 240 -0.083392669119344856
1414 SIMPLE_RADIAL 640 480 280.24556803415305 320 240 -0.08361792612571807
1415 SIMPLE_RADIAL 640 480 280.27574755149311 320 240 -0.083668503186290877
1416 SIMPLE_RADIAL 640 480 280.19601325836084 320 240 -0.08358002588066385
1417 SIMPLE_RADIAL 640 480 280.2226353248891 320 240 -0.083650550490480091
1418 SIMPLE_RADIAL 640 480 280.14442541132649 320 240 -0.083314431705890979
1419 SIMPLE_RADIAL 640 480 280.23569997008843 320 240 -0.083714672259490891
1420 SIMPLE_RADIAL 640 480 280.10863878766696 320 240 -0.083373296392081783
1421 SIMPLE_RADIAL 640 480 280.2331391188643 320 240 -0.083781611659313415
1422 SIMPLE_RADIAL 640 480 280.37821758301226 320 240 -0.083684351128279155
1423 SIMPLE_RADIAL 640 480 280.38703807572483 320 240 -0.083747664868012342
1424 SIMPLE_RADIAL 640 480 280.77384186810445 320 240 -0.084157063715217376
1425 SIMPLE_RADIAL 640 480 280.35308539860625 320 240 -0.083489523057815138
1426 SIMPLE_RADIAL 640 480 281.75541488998317 320 240 -0.085109895483327105
1427 SIMPLE_RADIAL 640 480 280.35918183151551 320 240 -0.083678741983733762
1428 SIMPLE_RADIAL 640 480 280.03765119899356 320 240 -0.083575197986201583
1429 SIMPLE_RADIAL 640 480 280.4156505443641 320 240 -0.083704642166349624
1430 SIMPLE_RADIAL 640 480 280.32455299142862 320 240 -0.083599864368858065
1431 SIMPLE_RADIAL 640 480 280.56771646003307 320 240 -0.083636045327207434
1432 SIMPLE_RADIAL 640 480 280.35682812174571 320 240 -0.083835106156206055
1433 SIMPLE_RADIAL 640 480 280.23410985525163 320 240 -0.08401491980728111
1434 SIMPLE_RADIAL 640 480 280.66340280471371 320 240 -0.083684168966894137
1435 SIMPLE_RADIAL 640 480 280.58689206011911 320 240 -0.083929901197360407
1436 SIMPLE_RADIAL 640 480 280.36230122407619 320 240 -0.083831927949902421
1437 SIMPLE_RADIAL 640 480 281.28877453085232 320 240 -0.084609468304143093
1438 SIMPLE_RADIAL 640 480 280.59470314138292 320 240 -0.083817755425212859
1439 SIMPLE_RADIAL 640 480 280.41475577453485 320 240 -0.083847296061296026
1440 SIMPLE_RADIAL 640 480 279.64116871320027 320 240 -0.083278614803041398
1441 SIMPLE_RADIAL 640 480 280.05996907470859 320 240 -0.083237289029274006
1442 SIMPLE_RADIAL 640 480 280.08268863099005 320 240 -0.083422283809186371
1443 SIMPLE_RADIAL 640 480 279.89328153036638 320 240 -0.083383922820413556
1444 SIMPLE_RADIAL 640 480 280.84879519917808 320 240 -0.084238371865876918
1445 SIMPLE_RADIAL 640 480 281.03262737531787 320 240 -0.084072394172311021
1446 SIMPLE_RADIAL 640 480 282.67077585681602 320 240 -0.08541360967709645
1447 SIMPLE_RADIAL 640 480 280.32287573720163 320 240 -0.083653490685426879
1448 SIMPLE_RADIAL 640 480 285.37284219250478 320 240 -0.087366352488398177
1449 SIMPLE_RADIAL 640 480 288.42776495986436 320 240 -0.089910073879679572
1450 SIMPLE_RADIAL 640 480 293.00992465962514 320 240 -0.093324142052558526
1451 SIMPLE_RADIAL 640 480 301.43356245873048 320 240 -0.10264634824316105
1452 SIMPLE_RADIAL 640 480 312.72750983025935 320 240 -0.1169084715232275
1453 SIMPLE_RADIAL 640 480 321.95820452086082 320 240 -0.12440025739937401
1454 SIMPLE_RADIAL 640 480 334.37900565365345 320 240 -0.13526393073389564
1455 SIMPLE_RADIAL 640 480 349.6910328172641 320 240 -0.14729579219158251
1456 SIMPLE_RADIAL 640 480 368.20072932586356 320 240 -0.16101149434929851
1457 SIMPLE_RADIAL 640 480 392.27199508722782 320 240 -0.17882957306980632
1458 SIMPLE_RADIAL 640 480 280.31502594314219 320 240 -0.083645288339738125
1459 SIMPLE_RADIAL 640 480 424.23170680129016 320 240 -0.20485877420547657
1460 SIMPLE_RADIAL 640 480 467.21045215048588 320 240 -0.24097846235187897
1461 SIMPLE_RADIAL 640 480 534.27436683873827 320 240 -0.30493141791131767
1462 SIMPLE_RADIAL 640 480 636.3517038746387 320 240 -0.41672083608306953
1463 SIMPLE_RADIAL 640 480 771.72072318789196 320 240 -0.57906843124778329
1464 SIMPLE_RADIAL 640 480 955.62698558241948 320 240 -0.85092618116043428
1465 SIMPLE_RADIAL 640 480 1025.0060353194754 320 240 -1.0384784843336912
1466 SIMPLE_RADIAL 640 480 1092.0228035648852 320 240 -1.2211306160203605
1467 SIMPLE_RADIAL 640 480 1151.3718657789318 320 240 -1.3778058128165707
1468 SIMPLE_RADIAL 640 480 1197.1467831835143 320 240 -1.4871248304106992
1469 SIMPLE_RADIAL 640 480 280.38448597754115 320 240 -0.083502886257791259
1470 SIMPLE_RADIAL 640 480 280.30948358792585 320 240 -0.083654802115810181
1471 SIMPLE_RADIAL 640 480 1249.9225065083026 320 240 -1.621120965779129
1472 SIMPLE_RADIAL 640 480 1287.8563395248405 320 240 -1.7021803629950094
1473 SIMPLE_RADIAL 640 480 1349.5624273826811 320 240 -1.8646998898689764
1474 SIMPLE_RADIAL 640 480 1405.6665928720142 320 240 -2.0039592042692487
1475 SIMPLE_RADIAL 640 480 1453.784769799935 320 240 -2.1203562016046349
1476 SIMPLE_RADIAL 640 480 1507.9365659426587 320 240 -2.2579234076542285
1477 SIMPLE_RADIAL 640 480 1556.357324872936 320 240 -2.4161178323033043
1478 SIMPLE_RADIAL 640 480 1605.5448176825389 320 240 -2.5698155185602851
1479 SIMPLE_RADIAL 640 480 1622.9132587686997 320 240 -2.6000670371917733
1480 SIMPLE_RADIAL 640 480 1688.4198532371313 320 240 -2.8699073479061088
1481 SIMPLE_RADIAL 640 480 280.25396100472614 320 240 -0.083656884788084432
1482 SIMPLE_RADIAL 640 480 1715.4970927774878 320 240 -2.9888677024292409
1483 SIMPLE_RADIAL 640 480 1747.6155779838057 320 240 -3.1346908044310564
1484 SIMPLE_RADIAL 640 480 1739.2279889834656 320 240 -3.1110712519528052
1485 SIMPLE_RADIAL 640 480 1782.9301025030952 320 240 -3.3689254860216731
1486 SIMPLE_RADIAL 640 480 1786.8981261545005 320 240 -3.4649174577327098
1487 SIMPLE_RADIAL 640 480 1745.2172935876843 320 240 -3.3706671949209754
1488 SIMPLE_RADIAL 640 480 1661.9562711701367 320 240 -3.1343355426693429
1489 SIMPLE_RADIAL 640 480 1568.4475277908948 320 240 -2.8287394925625189
1490 SIMPLE_RADIAL 640 480 1632.5767574605118 320 240 -3.1507017034925058
1491 SIMPLE_RADIAL 640 480 1624.8817999410935 320 240 -3.2620508788413174
1492 SIMPLE_RADIAL 640 480 280.31205723236786 320 240 -0.08361110070831887
1493 SIMPLE_RADIAL 640 480 1628.6136163892659 320 240 -3.3884169723726782
1494 SIMPLE_RADIAL 640 480 1679.9586760471348 320 240 -3.5462771825816608
1495 SIMPLE_RADIAL 640 480 1585.5266098158377 320 240 -3.0937863057632624
1496 SIMPLE_RADIAL 640 480 1532.6227976521886 320 240 -2.898538000898065
1497 SIMPLE_RADIAL 640 480 1467.9929152961925 320 240 -2.5714990444434709
1498 SIMPLE_RADIAL 640 480 1445.4904145935186 320 240 -2.4918058308946427
1499 SIMPLE_RADIAL 640 480 1407.5879727966158 320 240 -2.3202516094717001
1500 SIMPLE_RADIAL 640 480 1393.0358916785951 320 240 -2.2138102674451727
1501 SIMPLE_RADIAL 640 480 1346.3684082850764 320 240 -2.0860518687759493
1502 SIMPLE_RADIAL 640 480 1320.8650204231953 320 240 -1.9762178951176124
1503 SIMPLE_RADIAL 640 480 280.37630548920907 320 240 -0.083768851244152953
1504 SIMPLE_RADIAL 640 480 1301.3804043861492 320 240 -1.8486540297071128
1505 SIMPLE_RADIAL 640 480 1294.4982121198482 320 240 -1.7855808920415357
1506 SIMPLE_RADIAL 640 480 1287.9110397397255 320 240 -1.709152410280868
1507 SIMPLE_RADIAL 640 480 1284.5938167285358 320 240 -1.628151710543553
1508 SIMPLE_RADIAL 640 480 1288.140760742137 320 240 -1.5774522161923119
1509 SIMPLE_RADIAL 640 480 1303.6732019742358 320 240 -1.4610168197725835
1510 SIMPLE_RADIAL 640 480 1319.9642313684633 320 240 -1.3507484034233335
1511 SIMPLE_RADIAL 640 480 1326.5573087859259 320 240 -1.2913173730841145
1512 SIMPLE_RADIAL 640 480 1379.003232051127 320 240 -1.468193815729564
1513 SIMPLE_RADIAL 640 480 1388.6320068269035 320 240 -1.3900792304261151
1514 SIMPLE_RADIAL 640 480 280.43704333068496 320 240 -0.083602864149162848
1515 SIMPLE_RADIAL 640 480 1437.2585618737087 320 240 -1.5334423468189395
1516 SIMPLE_RADIAL 640 480 1499.5681487390627 320 240 -1.7258630910586004
1517 SIMPLE_RADIAL 640 480 1564.2381788255955 320 240 -1.9145247185014531
1518 SIMPLE_RADIAL 640 480 1641.8054004073979 320 240 -2.1803114854295536
1519 SIMPLE_RADIAL 640 480 1705.7521573161991 320 240 -2.3916572672751784
1520 SIMPLE_RADIAL 640 480 1841.4040139459851 320 240 -2.5161854039180795
1521 SIMPLE_RADIAL 640 480 2049.9990612183683 320 240 -3.1957166666839099
1522 SIMPLE_RADIAL 640 480 2186.2389076748104 320 240 -3.7746960959015836
1523 SIMPLE_RADIAL 640 480 2275.044504284806 320 240 -3.9666315048689031
1524 SIMPLE_RADIAL 640 480 2302.9466737999824 320 240 -4.0387828445731504
1525 SIMPLE_RADIAL 640 480 280.26456520905884 320 240 -0.083650352072508136
1526 SIMPLE_RADIAL 640 480 2395.4320706282733 320 240 -4.7513945080152951
1527 SIMPLE_RADIAL 640 480 2426.2839323925205 320 240 -5.0326214574979877
1528 SIMPLE_RADIAL 640 480 2444.3135337971198 320 240 -5.304474296188495
1529 SIMPLE_RADIAL 640 480 2513.6252391953594 320 240 -5.9478911589623289
1530 SIMPLE_RADIAL 640 480 2648.088651401089 320 240 -7.0968933073747005
1531 SIMPLE_RADIAL 640 480 2744.1128208816453 320 240 -8.0157557237950279
1532 SIMPLE_RADIAL 640 480 2961.9168327553884 320 240 -10.170140870917189
1533 SIMPLE_RADIAL 640 480 3232.4940671875661 320 240 -12.940830985041584
1534 SIMPLE_RADIAL 640 480 3882.7756784243466 320 240 -20.567813051612628
1535 SIMPLE_RADIAL 640 480 2541.4563192595479 320 240 -6.3243957149570864
1536 SIMPLE_RADIAL 640 480 280.21432560269795 320 240 -0.083520865546183348
1537 SIMPLE_RADIAL 640 480 2327.9984271524313 320 240 -5.0180691378754405
1538 SIMPLE_RADIAL 640 480 2037.3761662802945 320 240 -3.7060251964393522
1539 SIMPLE_RADIAL 640 480 1907.9121378173488 320 240 -3.1548176362780724
1540 SIMPLE_RADIAL 640 480 1729.6709882426001 320 240 -2.5219886839246586
1541 SIMPLE_RADIAL 640 480 1501.7055433147452 320 240 -1.9050507119622184
1542 SIMPLE_RADIAL 640 480 1457.1923837519535 320 240 -1.8430282879192974
1543 SIMPLE_RADIAL 640 480 1425.2505882316059 320 240 -1.8253740531804201
1544 SIMPLE_RADIAL 640 480 1362.6082751602412 320 240 -1.7870937642974818
1545 SIMPLE_RADIAL 640 480 1389.8055248478488 320 240 -1.8746496768529655
1546 SIMPLE_RADIAL 640 480 1224.3926629899597 320 240 -1.6646702588550972
1547 SIMPLE_RADIAL 640 480 280.41107523487233 320 240 -0.083709263586639424
1548 SIMPLE_RADIAL 640 480 1246.7199352518207 320 240 -1.7330311783443195
1549 SIMPLE_RADIAL 640 480 1264.8223086917203 320 240 -1.8092865062565238
1550 SIMPLE_RADIAL 640 480 1281.1072524384638 320 240 -1.8831147961733383
1551 SIMPLE_RADIAL 640 480 1134.7810383255332 320 240 -1.6463284029432885
1552 SIMPLE_RADIAL 640 480 1162.167116363428 320 240 -1.7247499479593633
1553 SIMPLE_RADIAL 640 480 1086.7355134240884 320 240 -1.6693842856730765
1554 SIMPLE_RADIAL 640 480 1547.8064213447783 320 240 -3.2511828563088385
1555 SIMPLE_RADIAL 640 480 1093.9166531924843 320 240 -1.7942162597534836
1556 SIMPLE_RADIAL 640 480 1107.813455672939 320 240 -1.8645069550945135
1557 SIMPLE_RADIAL 640 480 1517.809256465393 320 240 -2.7416020141359803
1558 SIMPLE_RADIAL 640 480 280.33442792735161 320 240 -0.083635916237626895
1559 SIMPLE_RADIAL 640 480 1475.9650458234505 320 240 -2.6346886750176552
1560 SIMPLE_RADIAL 640 480 1432.9482408464005 320 240 -2.4276194718377728
1561 SIMPLE_RADIAL 640 480 1410.580937487591 320 240 -2.3585674038525322
1562 SIMPLE_RADIAL 640 480 1419.0283379641683 320 240 -2.384637345213688
1563 SIMPLE_RADIAL 640 480 1429.9779678568682 320 240 -2.4931342908495431
1564 SIMPLE_RADIAL 640 480 1454.4170782608871 320 240 -2.2143984784695063
1565 SIMPLE_RADIAL 640 480 1470.7036524858975 320 240 -2.3440250472390947
1566 SIMPLE_RADIAL 640 480 1502.4736974434952 320 240 -2.5417372931167623
1567 SIMPLE_RADIAL 640 480 1543.1528274122586 320 240 -2.7326474125088924
1568 SIMPLE_RADIAL 640 480 1604.7972028186714 320 240 -3.1370979425094738
1569 SIMPLE_RADIAL 640 480 280.189353305802 320 240 -0.08351726931488776
1570 SIMPLE_RADIAL 640 480 1665.8595119241638 320 240 -3.3984374886215445
1571 SIMPLE_RADIAL 640 480 1736.6957258274922 320 240 -3.663902024707582
1572 SIMPLE_RADIAL 640 480 1838.2598943344942 320 240 -4.1041860049114618
1573 SIMPLE_RADIAL 640 480 1927.7678469236976 320 240 -4.4291055232528151
1574 SIMPLE_RADIAL 640 480 2079.4272353681404 320 240 -4.9256538587563874
1575 SIMPLE_RADIAL 640 480 2089.3431499741509 320 240 -4.7648594532211934
1576 SIMPLE_RADIAL 640 480 2024.4801052022037 320 240 -4.2580278775871054
1577 SIMPLE_RADIAL 640 480 1959.2363723652632 320 240 -3.8281548991453529
1578 SIMPLE_RADIAL 640 480 1608.2411692836142 320 240 -1.8037270565138686
1579 SIMPLE_RADIAL 640 480 1636.4916639028829 320 240 -1.9496025500342293
1580 SIMPLE_RADIAL 640 480 1066.9005585497937 320 240 -0.87066202641314594
1581 SIMPLE_RADIAL 640 480 1070.2154408575425 320 240 -0.87852605150170604
1582 SIMPLE_RADIAL 640 480 1614.1917278565591 320 240 -1.8696057943871667
1583 SIMPLE_RADIAL 640 480 1517.2505080774699 320 240 -1.4243432177785662
1584 SIMPLE_RADIAL 640 480 1444.9288311158261 320 240 -1.1401882829659664
1585 SIMPLE_RADIAL 640 480 1395.4124218074242 320 240 -0.97902098555064099
1586 SIMPLE_RADIAL 640 480 1352.3574327674462 320 240 -0.86056147952200301
1587 SIMPLE_RADIAL 640 480 1289.269837311311 320 240 -0.67269829591704389
1588 SIMPLE_RADIAL 640 480 1295.6059719409086 320 240 -0.79578891743420088
1589 SIMPLE_RADIAL 640 480 1275.648136685289 320 240 -0.80984305174338589
1590 SIMPLE_RADIAL 640 480 1284.3944524375186 320 240 -0.95625025753493742
1591 SIMPLE_RADIAL 640 480 1307.3697595656924 320 240 -1.1370708358450299
1592 SIMPLE_RADIAL 640 480 856.69069711836062 320 240 -0.57801949846323808
1593 SIMPLE_RADIAL 640 480 1327.344799922007 320 240 -1.3383313829987471
1594 SIMPLE_RADIAL 640 480 1363.9852195466572 320 240 -1.6374413889313795
1595 SIMPLE_RADIAL 640 480 1374.9819093452616 320 240 -1.745072780374137
1596 SIMPLE_RADIAL 640 480 1404.8467149437508 320 240 -1.918679628658811
1597 SIMPLE_RADIAL 640 480 1452.5572147094624 320 240 -2.2214671682962517
1598 SIMPLE_RADIAL 640 480 1474.2996222120876 320 240 -2.3833951157225997
1599 SIMPLE_RADIAL 640 480 1490.2946328660071 320 240 -2.4673427004613346
1600 SIMPLE_RADIAL 640 480 1515.6929207552453 320 240 -2.5957689317093124
1601 SIMPLE_RADIAL 640 480 1520.7592118728016 320 240 -2.6799359465783716
1602 SIMPLE_RADIAL 640 480 1558.5833102381177 320 240 -2.8491376967135227
1603 SIMPLE_RADIAL 640 480 858.32737361534271 320 240 -0.58234784267085016
1604 SIMPLE_RADIAL 640 480 1548.0499626869939 320 240 -2.8797656793837945
1605 SIMPLE_RADIAL 640 480 1509.595428126335 320 240 -2.7260235605836018
1606 SIMPLE_RADIAL 640 480 1484.6841883396448 320 240 -2.5606003562626563
1607 SIMPLE_RADIAL 640 480 1446.6186030572189 320 240 -2.356454060386421
1608 SIMPLE_RADIAL 640 480 1398.2171565978938 320 240 -2.0167972787144968
1609 SIMPLE_RADIAL 640 480 1352.6490663064535 320 240 -1.7639923838611815
1610 SIMPLE_RADIAL 640 480 1313.3092333162822 320 240 -1.6035050377042357
1611 SIMPLE_RADIAL 640 480 1278.9021333731043 320 240 -1.4407946292737122
1612 SIMPLE_RADIAL 640 480 1245.4950325555735 320 240 -1.3246209438573751
1613 SIMPLE_RADIAL 640 480 1195.1880588807098 320 240 -1.180569719283846
1614 SIMPLE_RADIAL 640 480 280.27775019119639 320 240 -0.08358733509469736
1615 SIMPLE_RADIAL 640 480 1172.4111767411466 320 240 -1.1267625347730272
1616 SIMPLE_RADIAL 640 480 1150.0752567199463 320 240 -1.0812624760710849
1617 SIMPLE_RADIAL 640 480 1131.1676599322282 320 240 -1.0536604822711546
1618 SIMPLE_RADIAL 640 480 1110.2724946051278 320 240 -1.0180591694641397
1619 SIMPLE_RADIAL 640 480 1089.3003921484471 320 240 -0.97705938508802004
1620 SIMPLE_RADIAL 640 480 1069.9846982954823 320 240 -0.94326011477193938
1621 SIMPLE_RADIAL 640 480 1045.7025590668641 320 240 -0.89005692859851704
1622 SIMPLE_RADIAL 640 480 1024.8690574088835 320 240 -0.85056405658182288
1623 SIMPLE_RADIAL 640 480 1005.1732542588268 320 240 -0.81093740102079048
1624 SIMPLE_RADIAL 640 480 988.38402084042673 320 240 -0.77846967387015642
1625 SIMPLE_RADIAL 640 480 280.36087453908209 320 240 -0.0836263754521029
1626 SIMPLE_RADIAL 640 480 974.78666504438354 320 240 -0.76272815620289791
1627 SIMPLE_RADIAL 640 480 962.35081952236419 320 240 -0.74281511689476976
1628 SIMPLE_RADIAL 640 480 948.0075039907025 320 240 -0.71132208682812015
1629 SIMPLE_RADIAL 640 480 938.05360506626425 320 240 -0.69881415981292228
1630 SIMPLE_RADIAL 640 480 927.33671594602629 320 240 -0.67467862397842537
1631 SIMPLE_RADIAL 640 480 916.24831591746113 320 240 -0.65267919891111925
1632 SIMPLE_RADIAL 640 480 904.54970605218784 320 240 -0.63844482203296582
1633 SIMPLE_RADIAL 640 480 894.39876517619666 320 240 -0.61128444720818187
1634 SIMPLE_RADIAL 640 480 889.06093885247662 320 240 -0.60287119017157542
1635 SIMPLE_RADIAL 640 480 882.12482399558178 320 240 -0.58616556365242567
1636 SIMPLE_RADIAL 640 480 280.3103901868464 320 240 -0.083551893754472834
1637 SIMPLE_RADIAL 640 480 877.45186506940706 320 240 -0.57925843156084222
1638 SIMPLE_RADIAL 640 480 873.33257230047013 320 240 -0.57215587143971114
1639 SIMPLE_RADIAL 640 480 870.01670521232438 320 240 -0.56639647413765126
1640 SIMPLE_RADIAL 640 480 868.38951184272821 320 240 -0.56708122301293362
1641 SIMPLE_RADIAL 640 480 866.93471150639334 320 240 -0.56293881697885506
1642 SIMPLE_RADIAL 640 480 866.57060804969262 320 240 -0.56374435819823432
1643 SIMPLE_RADIAL 640 480 869.4419912987056 320 240 -0.57787184882688836
1644 SIMPLE_RADIAL 640 480 865.78265975015381 320 240 -0.569325164295029
1645 SIMPLE_RADIAL 640 480 861.17243989021995 320 240 -0.55817771813050865
1646 SIMPLE_RADIAL 640 480 859.73498475764325 320 240 -0.55646350665427469
1647 SIMPLE_RADIAL 640 480 280.36916622431505 320 240 -0.083595835853067041
1648 SIMPLE_RADIAL 640 480 859.59594152482521 320 240 -0.55516299395396662
1649 SIMPLE_RADIAL 640 480 867.29684071333372 320 240 -0.58166645215108514
1650 SIMPLE_RADIAL 640 480 867.90682070801029 320 240 -0.57983959868759904
1651 SIMPLE_RADIAL 640 480 867.44023973621233 320 240 -0.57896029927457848
1652 SIMPLE_RADIAL 640 480 866.14657728766713 320 240 -0.57235169495240334
1653 SIMPLE_RADIAL 640 480 866.17288091468981 320 240 -0.57231348106682767
1654 SIMPLE_RADIAL 640 480 865.86498065523881 320 240 -0.56984398530895275
1655 SIMPLE_RADIAL 640 480 865.69446215287007 320 240 -0.57080925284431128
1656 SIMPLE_RADIAL 640 480 866.66633182201679 320 240 -0.57510677301743029
1657 SIMPLE_RADIAL 640 480 865.43540109876881 320 240 -0.57055770028935482
1658 SIMPLE_RADIAL 640 480 280.30824875154764 320 240 -0.083586893096688125
1659 SIMPLE_RADIAL 640 480 866.06059161738619 320 240 -0.57367707925158851
1660 SIMPLE_RADIAL 640 480 865.57443981044833 320 240 -0.57233438135391546
1661 SIMPLE_RADIAL 640 480 866.09378778626888 320 240 -0.57513897819691229
1662 SIMPLE_RADIAL 640 480 867.50685385075849 320 240 -0.57990458474887585
1663 SIMPLE_RADIAL 640 480 866.79538893911047 320 240 -0.57599974093529438
1664 SIMPLE_RADIAL 640 480 867.9139525495533 320 240 -0.58297716173557557
1665 SIMPLE_RADIAL 640 480 866.99452489168493 320 240 -0.57951886766993466
1666 SIMPLE_RADIAL 640 480 866.61275660297395 320 240 -0.57581300463770613
1667 SIMPLE_RADIAL 640 480 866.59304926643119 320 240 -0.57665555016389514
1668 SIMPLE_RADIAL 640 480 866.99571659335743 320 240 -0.57894950449253324
1669 SIMPLE_RADIAL 640 480 280.12768614537708 320 240 -0.083499437215265107
1670 SIMPLE_RADIAL 640 480 865.29724222700804 320 240 -0.57244800032293375
1671 SIMPLE_RADIAL 640 480 864.19797456854337 320 240 -0.56750571279401762
1672 SIMPLE_RADIAL 640 480 864.4897023202501 320 240 -0.56713731444480908
1673 SIMPLE_RADIAL 640 480 863.62714343282369 320 240 -0.56583392763446005
1674 SIMPLE_RADIAL 640 480 862.51372397678733 320 240 -0.56181887937255492
1675 SIMPLE_RADIAL 640 480 864.0388411205887 320 240 -0.56692699094690091
1676 SIMPLE_RADIAL 640 480 864.16415899953063 320 240 -0.56871172178944362
1677 SIMPLE_RADIAL 640 480 863.54615490721437 320 240 -0.56633286566728325
1678 SIMPLE_RADIAL 640 480 863.58098101743701 320 240 -0.56771694046117926
1679 SIMPLE_RADIAL 640 480 863.72475508209345 320 240 -0.56877659387072932
1680 SIMPLE_RADIAL 640 480 280.10155642566946 320 240 -0.083550453078149858
1681 SIMPLE_RADIAL 640 480 862.79753384674495 320 240 -0.56242203830482285
1682 SIMPLE_RADIAL 640 480 863.35042217249963 320 240 -0.56645459463129189
1683 SIMPLE_RADIAL 640 480 863.58292667349542 320 240 -0.56635852068654591
1684 SIMPLE_RADIAL 640 480 864.1042616893584 320 240 -0.56786283782543368
1685 SIMPLE_RADIAL 640 480 863.23699587258011 320 240 -0.56443162289292248
1686 SIMPLE_RADIAL 640 480 863.77549751481865 320 240 -0.56558667765133674
1687 SIMPLE_RADIAL 640 480 863.79994386165367 320 240 -0.56697717324094454
1688 SIMPLE_RADIAL 640 480 866.06917229537385 320 240 -0.57645102469129972
1689 SIMPLE_RADIAL 640 480 863.84547667487891 320 240 -0.56766713660456802
1690 SIMPLE_RADIAL 640 480 864.61597463186172 320 240 -0.5691437229398435
1691 SIMPLE_RADIAL 640 480 280.34051918387456 320 240 -0.083694951805573431
1692 SIMPLE_RADIAL 640 480 280.28106044469575 320 240 -0.083774825752216023
1693 SIMPLE_RADIAL 640 480 863.67887477851161 320 240 -0.56513351857007321
1694 SIMPLE_RADIAL 640 480 863.45171020708904 320 240 -0.56394098650124314
1695 SIMPLE_RADIAL 640 480 863.0879397669371 320 240 -0.56417662285640569
1696 SIMPLE_RADIAL 640 480 865.02465579400712 320 240 -0.56972739879195711
1697 SIMPLE_RADIAL 640 480 863.92473803684379 320 240 -0.56677686143588157
1698 SIMPLE_RADIAL 640 480 864.40218948321092 320 240 -0.56830293471336146
1699 SIMPLE_RADIAL 640 480 864.4684989630606 320 240 -0.57112646226197106
1700 SIMPLE_RADIAL 640 480 863.39849054196043 320 240 -0.56501188665417068
1701 SIMPLE_RADIAL 640 480 864.87346807213976 320 240 -0.57152053903104594
1702 SIMPLE_RADIAL 640 480 864.17420509450835 320 240 -0.56768115907298389
1703 SIMPLE_RADIAL 640 480 280.40812260053872 320 240 -0.083566228830936298
1704 SIMPLE_RADIAL 640 480 863.07241563372406 320 240 -0.56357163269881105
1705 SIMPLE_RADIAL 640 480 863.51126623030632 320 240 -0.56483676103917624
1706 SIMPLE_RADIAL 640 480 864.34665304666078 320 240 -0.56821672967059433
1707 SIMPLE_RADIAL 640 480 864.5037121931091 320 240 -0.56912392752364327
1708 SIMPLE_RADIAL 640 480 864.32536948229961 320 240 -0.56663252648381246
1709 SIMPLE_RADIAL 640 480 864.29861046898816 320 240 -0.56853999808617206
1710 SIMPLE_RADIAL 640 480 864.55777139384372 320 240 -0.57019281326748383
1711 SIMPLE_RADIAL 640 480 864.02236787555103 320 240 -0.56782338176251002
1712 SIMPLE_RADIAL 640 480 863.56143367718551 320 240 -0.56445968861528584
1713 SIMPLE_RADIAL 640 480 864.68694584588172 320 240 -0.57041898303233263
1714 SIMPLE_RADIAL 640 480 280.48070267175592 320 240 -0.083781271086719136
1715 SIMPLE_RADIAL 640 480 863.67473476875125 320 240 -0.56581955108706694
1716 SIMPLE_RADIAL 640 480 863.98385449572913 320 240 -0.56715655392511632
1717 SIMPLE_RADIAL 640 480 863.98514229858483 320 240 -0.56634922281661626
1718 SIMPLE_RADIAL 640 480 864.28849092132759 320 240 -0.56835019832289913
1719 SIMPLE_RADIAL 640 480 863.36460275587956 320 240 -0.565192020561471
1720 SIMPLE_RADIAL 640 480 864.88833930520764 320 240 -0.57023785848897635
1721 SIMPLE_RADIAL 640 480 864.33510076783068 320 240 -0.56820372235474803
1722 SIMPLE_RADIAL 640 480 864.17520965288509 320 240 -0.56821610206304807
1723 SIMPLE_RADIAL 640 480 864.65850010171459 320 240 -0.56908364237390385
1724 SIMPLE_RADIAL 640 480 863.71802963241566 320 240 -0.56597922269708167
1725 SIMPLE_RADIAL 640 480 280.2643517704098 320 240 -0.083614962837860712
1726 SIMPLE_RADIAL 640 480 863.8119649790433 320 240 -0.56599310337535069
1727 SIMPLE_RADIAL 640 480 863.64738469863903 320 240 -0.56705129829467094
1728 SIMPLE_RADIAL 640 480 864.33942161786672 320 240 -0.56986990863811759
1729 SIMPLE_RADIAL 640 480 863.84930740714913 320 240 -0.56552927309722911
1730 SIMPLE_RADIAL 640 480 865.7982886515623 320 240 -0.57540461713531543
1731 SIMPLE_RADIAL 640 480 864.63573479304603 320 240 -0.5696612096288538
1732 SIMPLE_RADIAL 640 480 863.67554267663843 320 240 -0.56638076720737951
1733 SIMPLE_RADIAL 640 480 864.63315969232599 320 240 -0.56952133646386338
1734 SIMPLE_RADIAL 640 480 864.93364142459075 320 240 -0.57179135256260749
1735 SIMPLE_RADIAL 640 480 863.74785532144165 320 240 -0.56559942221529602
1736 SIMPLE_RADIAL 640 480 857.64701765762004 320 240 -0.58305772746542284
1737 SIMPLE_RADIAL 640 480 864.19826339029453 320 240 -0.56809169712486807
1738 SIMPLE_RADIAL 640 480 864.20067459791198 320 240 -0.56907809285563093
1739 SIMPLE_RADIAL 640 480 864.75285550346996 320 240 -0.57151215714833636
1740 SIMPLE_RADIAL 640 480 863.92997686863305 320 240 -0.56771939526233739
1741 SIMPLE_RADIAL 640 480 863.91860237132221 320 240 -0.5659770877839968
1742 SIMPLE_RADIAL 640 480 864.19367798138728 320 240 -0.56782302246546723
1743 SIMPLE_RADIAL 640 480 864.82911976240405 320 240 -0.56962990087488574
1744 SIMPLE_RADIAL 640 480 864.0336728300166 320 240 -0.5677538685947694
1745 SIMPLE_RADIAL 640 480 863.51420596247851 320 240 -0.56546011550810182
1746 SIMPLE_RADIAL 640 480 865.41656659186515 320 240 -0.5745204716417851
1747 SIMPLE_RADIAL 640 480 859.00578526787274 320 240 -0.58758580012375938
1748 SIMPLE_RADIAL 640 480 864.42267899537887 320 240 -0.56752262899161676
1749 SIMPLE_RADIAL 640 480 863.69263132855929 320 240 -0.56635152935294175
1750 SIMPLE_RADIAL 640 480 863.98004940019007 320 240 -0.56739985073303512
1751 SIMPLE_RADIAL 640 480 864.5830596628432 320 240 -0.56993295972846048
1752 SIMPLE_RADIAL 640 480 863.85964794405038 320 240 -0.56680988737816018
1753 SIMPLE_RADIAL 640 480 863.89475516570565 320 240 -0.56646749240510264
1754 SIMPLE_RADIAL 640 480 864.01301106908215 320 240 -0.56605725768616233
1755 SIMPLE_RADIAL 640 480 864.60303839443998 320 240 -0.57145079173023949
1756 SIMPLE_RADIAL 640 480 863.16547021140491 320 240 -0.56489838018396354
1757 SIMPLE_RADIAL 640 480 864.09924370431486 320 240 -0.56740925843357393
1758 SIMPLE_RADIAL 640 480 865.25883272992348 320 240 -0.59491291447916006
1759 SIMPLE_RADIAL 640 480 864.3033617611045 320 240 -0.5683056055131418
1760 SIMPLE_RADIAL 640 480 863.66354903513979 320 240 -0.56635797346886774
1761 SIMPLE_RADIAL 640 480 863.41391170030897 320 240 -0.56380550399473173
1762 SIMPLE_RADIAL 640 480 863.99775606493472 320 240 -0.56691498997532386
1763 SIMPLE_RADIAL 640 480 863.88027557829196 320 240 -0.56754506634239121
1764 SIMPLE_RADIAL 640 480 863.54675404435682 320 240 -0.56541819287820039
1765 SIMPLE_RADIAL 640 480 864.19488620841912 320 240 -0.56806748279632191
1766 SIMPLE_RADIAL 640 480 862.19939818184525 320 240 -0.55942811649312529
1767 SIMPLE_RADIAL 640 480 864.04555544713685 320 240 -0.5672900866300834
1768 SIMPLE_RADIAL 640 480 864.41704462795042 320 240 -0.56904104984280202
1769 SIMPLE_RADIAL 640 480 873.33547708835681 320 240 -0.59823199303273034
1770 SIMPLE_RADIAL 640 480 864.82442962910432 320 240 -0.57075337917219238
1771 SIMPLE_RADIAL 640 480 864.10191146200327 320 240 -0.56728455476569717
1772 SIMPLE_RADIAL 640 480 863.89614780678926 320 240 -0.56726170149818866
1773 SIMPLE_RADIAL 640 480 864.00581590810566 320 240 -0.5654737355593249
1774 SIMPLE_RADIAL 640 480 864.94264025570169 320 240 -0.57066440065370705
1775 SIMPLE_RADIAL 640 480 864.93195711889473 320 240 -0.5699605033203059
1776 SIMPLE_RADIAL 640 480 863.73298708761865 320 240 -0.56602170227532334
1777 SIMPLE_RADIAL 640 480 864.38266204459262 320 240 -0.56938257319816465
1778 SIMPLE_RADIAL 640 480 865.34132400323335 320 240 -0.57215740725969477
1779 SIMPLE_RADIAL 640 480 864.93401695269893 320 240 -0.57218759975164168
1780 SIMPLE_RADIAL 640 480 854.48204964771446 320 240 -0.56465830507077808
1781 SIMPLE_RADIAL 640 480 864.81929891018342 320 240 -0.57277691973335576
1782 SIMPLE_RADIAL 640 480 864.06174243119688 320 240 -0.56738174161424559
1783 SIMPLE_RADIAL 640 480 864.16062342703708 320 240 -0.56878140978129355
1784 SIMPLE_RADIAL 640 480 864.66695525500677 320 240 -0.57068442506415851
1785 SIMPLE_RADIAL 640 480 863.79511000961497 320 240 -0.56507462976536649
1786 SIMPLE_RADIAL 640 480 864.08373168080163 320 240 -0.56817447609325933
1787 SIMPLE_RADIAL 640 480 863.73913029691062 320 240 -0.56693896553414913
1788 SIMPLE_RADIAL 640 480 863.45627047480923 320 240 -0.56516536544329499
1789 SIMPLE_RADIAL 640 480 863.92947050036321 320 240 -0.56767730805812133
1790 SIMPLE_RADIAL 640 480 864.98998892951261 320 240 -0.57145051708208006
1791 SIMPLE_RADIAL 640 480 867.76105103442762 320 240 -0.60395814922739843
1792 SIMPLE_RADIAL 640 480 864.36963427384455 320 240 -0.56920921108531664
1793 SIMPLE_RADIAL 640 480 863.35194816221781 320 240 -0.56593574796519264
1794 SIMPLE_RADIAL 640 480 863.41824221954175 320 240 -0.56492465235180189
1795 SIMPLE_RADIAL 640 480 864.20186993593438 320 240 -0.56963347690747601
1796 SIMPLE_RADIAL 640 480 864.26934237922251 320 240 -0.56966127998060601
1797 SIMPLE_RADIAL 640 480 864.47408421833234 320 240 -0.570155863128607
1798 SIMPLE_RADIAL 640 480 863.07710286031318 320 240 -0.56335747006453174
1799 SIMPLE_RADIAL 640 480 864.89495743683756 320 240 -0.57301684863219171
1800 SIMPLE_RADIAL 640 480 864.46203792504843 320 240 -0.56963912662070093
1801 SIMPLE_RADIAL 640 480 865.32250375035812 320 240 -0.57425703387463156
1802 SIMPLE_RADIAL 640 480 280.28336505821653 320 240 -0.083583262634900971
1803 SIMPLE_RADIAL 640 480 280.41694667216171 320 240 -0.083700692378857883
1804 SIMPLE_RADIAL 640 480 864.28424894062277 320 240 -0.56890770554490644
1805 SIMPLE_RADIAL 640 480 864.02529427263289 320 240 -0.56818583362452402
1806 SIMPLE_RADIAL 640 480 865.6877954990988 320 240 -0.57475322187210731
1807 SIMPLE_RADIAL 640 480 864.51907511921456 320 240 -0.56971052072497674
1808 SIMPLE_RADIAL 640 480 863.43996548307166 320 240 -0.56542300483198638
1809 SIMPLE_RADIAL 640 480 863.81377565152866 320 240 -0.56687654323891012
1810 SIMPLE_RADIAL 640 480 863.98973259539503 320 240 -0.56814239460340865
1811 SIMPLE_RADIAL 640 480 864.04151244206605 320 240 -0.56783595549556287
1812 SIMPLE_RADIAL 640 480 864.00458414823345 320 240 -0.56698204804751029
1813 SIMPLE_RADIAL 640 480 864.08404593754221 320 240 -0.56866418662117091
1814 SIMPLE_RADIAL 640 480 280.34128902242679 320 240 -0.083641702402067655
1815 SIMPLE_RADIAL 640 480 863.8991378559457 320 240 -0.56842202778610085
1816 SIMPLE_RADIAL 640 480 864.51402941535343 320 240 -0.56867977899803535
1817 SIMPLE_RADIAL 640 480 863.60909728954834 320 240 -0.56483642881121099
1818 SIMPLE_RADIAL 640 480 864.14801352234122 320 240 -0.56846012530159651
1819 SIMPLE_RADIAL 640 480 863.73657372918012 320 240 -0.56667526496997367
1820 SIMPLE_RADIAL 640 480 864.84266145132108 320 240 -0.57135934375867459
1821 SIMPLE_RADIAL 640 480 864.79011802136517 320 240 -0.57095456015608304
1822 SIMPLE_RADIAL 640 480 864.89419886186499 320 240 -0.57172937700262461
1823 SIMPLE_RADIAL 640 480 863.90202401667227 320 240 -0.56765394132689484
1824 SIMPLE_RADIAL 640 480 863.58409975202369 320 240 -0.56611166896727083
1825 SIMPLE_RADIAL 640 480 280.21782506179136 320 240 -0.083638422011371255
1826 SIMPLE_RADIAL 640 480 864.53694539669652 320 240 -0.57058341611710883
1827 SIMPLE_RADIAL 640 480 864.40858903671642 320 240 -0.57089531155929818
1828 SIMPLE_RADIAL 640 480 863.36547890717748 320 240 -0.56488491583509126
1829 SIMPLE_RADIAL 640 480 863.51565707168902 320 240 -0.56613240487705541
1830 SIMPLE_RADIAL 640 480 863.21693846617256 320 240 -0.56408393600688611
1831 SIMPLE_RADIAL 640 480 864.48545491658035 320 240 -0.57197609162245966
1832 SIMPLE_RADIAL 640 480 863.31957293848825 320 240 -0.56372385796905533
1833 SIMPLE_RADIAL 640 480 863.69841021259936 320 240 -0.56650938960883379
1834 SIMPLE_RADIAL 640 480 864.14458248858682 320 240 -0.56855987171767708
1835 SIMPLE_RADIAL 640 480 863.95083986861391 320 240 -0.56731627212941527
1836 SIMPLE_RADIAL 640 480 861.08870718190713 320 240 -0.59464444798784866
1837 SIMPLE_RADIAL 640 480 864.44098050201717 320 240 -0.56983778650576211
1838 SIMPLE_RADIAL 640 480 863.23451613716566 320 240 -0.56573589558580506
1839 SIMPLE_RADIAL 640 480 864.10295957694882 320 240 -0.56875244063052277
1840 SIMPLE_RADIAL 640 480 862.65916090162307 320 240 -0.56263087337227791
1841 SIMPLE_RADIAL 640 480 864.39707417961188 320 240 -0.56858081606414312
1842 SIMPLE_RADIAL 640 480 863.53079560530307 320 240 -0.5662401784227078
1843 SIMPLE_RADIAL 640 480 863.23420187442525 320 240 -0.5655222552006316
1844 SIMPLE_RADIAL 640 480 864.45078994668074 320 240 -0.57167560658759353
1845 SIMPLE_RADIAL 640 480 863.84285211886129 320 240 -0.56727225532302772
1846 SIMPLE_RADIAL 640 480 861.91940415021054 320 240 -0.56151392174937431
1847 SIMPLE_RADIAL 640 480 856.56231823517896 320 240 -0.57563468491414871
1848 SIMPLE_RADIAL 640 480 863.28365093176797 320 240 -0.56500278976025808
1849 SIMPLE_RADIAL 640 480 862.3149468565058 320 240 -0.55921447990679884
1850 SIMPLE_RADIAL 640 480 864.05461501148886 320 240 -0.56909876598874487
1851 SIMPLE_RADIAL 640 480 863.39327505704807 320 240 -0.56577854217638324
1852 SIMPLE_RADIAL 640 480 863.42253091777582 320 240 -0.56655538534339311
1853 SIMPLE_RADIAL 640 480 863.27762190197575 320 240 -0.56599542945594006
1854 SIMPLE_RADIAL 640 480 863.14124696214697 320 240 -0.56512965399341741
1855 SIMPLE_RADIAL 640 480 863.15534892003711 320 240 -0.56687201839608425
1856 SIMPLE_RADIAL 640 480 862.33671024679893 320 240 -0.56102781352725783
1857 SIMPLE_RADIAL 640 480 862.06159899382521 320 240 -0.55991844593629769
1858 SIMPLE_RADIAL 640 480 858.97676877758715 320 240 -0.58713935200257317
1859 SIMPLE_RADIAL 640 480 861.71939986531459 320 240 -0.55821289148708153
1860 SIMPLE_RADIAL 640 480 862.42374487466611 320 240 -0.5621399485227353
1861 SIMPLE_RADIAL 640 480 861.76614532184885 320 240 -0.56262878708135677
1862 SIMPLE_RADIAL 640 480 861.63862348390012 320 240 -0.56412100460967218
1863 SIMPLE_RADIAL 640 480 861.45484149488641 320 240 -0.56441740707418686
1864 SIMPLE_RADIAL 640 480 862.17519763597329 320 240 -0.56855927737586864
1865 SIMPLE_RADIAL 640 480 862.54689865640228 320 240 -0.57118193032380216
1866 SIMPLE_RADIAL 640 480 861.25483505768943 320 240 -0.56818464222370435
1867 SIMPLE_RADIAL 640 480 859.52433653747357 320 240 -0.56351212006952811
1868 SIMPLE_RADIAL 640 480 858.34923859682328 320 240 -0.56095620153364301
1869 SIMPLE_RADIAL 640 480 280.35155009551931 320 240 -0.083532380793984756
1870 SIMPLE_RADIAL 640 480 855.80060565303654 320 240 -0.55397410373236977
1871 SIMPLE_RADIAL 640 480 850.79263258383014 320 240 -0.53652373565361366
1872 SIMPLE_RADIAL 640 480 850.21597816201427 320 240 -0.53892286941008549
1873 SIMPLE_RADIAL 640 480 850.45224955839262 320 240 -0.54384632937021349
1874 SIMPLE_RADIAL 640 480 849.27126399239432 320 240 -0.53887674725939394
1875 SIMPLE_RADIAL 640 480 850.88675607145694 320 240 -0.54487974773354253
1876 SIMPLE_RADIAL 640 480 850.46056850925959 320 240 -0.54296225464161552
1877 SIMPLE_RADIAL 640 480 854.28379312172774 320 240 -0.55836525947550197
1878 SIMPLE_RADIAL 640 480 854.0057488576806 320 240 -0.56124036730275595
1879 SIMPLE_RADIAL 640 480 853.79203167088826 320 240 -0.55967522525052127
1880 SIMPLE_RADIAL 640 480 280.10952319424291 320 240 -0.083416422545069452
1881 SIMPLE_RADIAL 640 480 856.81433125635897 320 240 -0.56672384064056136
1882 SIMPLE_RADIAL 640 480 861.64785376688599 320 240 -0.57746105616869181
1883 SIMPLE_RADIAL 640 480 868.5408948947595 320 240 -0.59605659080030304
1884 SIMPLE_RADIAL 640 480 876.30446210114133 320 240 -0.61270719587418265
1885 SIMPLE_RADIAL 640 480 884.66131978887461 320 240 -0.6325237380441322
1886 SIMPLE_RADIAL 640 480 891.50871760836947 320 240 -0.64486649318543476
1887 SIMPLE_RADIAL 640 480 898.99714258698509 320 240 -0.66322016358316505
1888 SIMPLE_RADIAL 640 480 906.25653286178931 320 240 -0.68639239130738827
1889 SIMPLE_RADIAL 640 480 918.62092176904537 320 240 -0.73470828307586655
1890 SIMPLE_RADIAL 640 480 926.18273789540763 320 240 -0.74609217176781661
1891 SIMPLE_RADIAL 640 480 280.36293534453165 320 240 -0.083619089779302602
1892 SIMPLE_RADIAL 640 480 936.61351820743482 320 240 -0.77204863883143626
1893 SIMPLE_RADIAL 640 480 950.27145423913669 320 240 -0.81451752963144064
1894 SIMPLE_RADIAL 640 480 962.47952634758519 320 240 -0.85742869260191912
1895 SIMPLE_RADIAL 640 480 977.37103349084327 320 240 -0.92821340967159793
1896 SIMPLE_RADIAL 640 480 987.01430043342657 320 240 -0.97672851454960297
1897 SIMPLE_RADIAL 640 480 993.83751754360992 320 240 -1.0166297986580577
1898 SIMPLE_RADIAL 640 480 1007.7724951499337 320 240 -1.1016139042517554
1899 SIMPLE_RADIAL 640 480 1033.5363765627526 320 240 -1.2117645024316614
1900 SIMPLE_RADIAL 640 480 1098.3358804820209 320 240 -1.535345520912974
1901 SIMPLE_RADIAL 640 480 1055.9388579675253 320 240 -1.3722640286781607
1902 SIMPLE_RADIAL 640 480 280.38946583019128 320 240 -0.083658626437805597
1903 SIMPLE_RADIAL 640 480 1088.9496146028423 320 240 -1.6424881595387464
1904 SIMPLE_RADIAL 640 480 1118.9145593255557 320 240 -1.7996238456330726
1905 SIMPLE_RADIAL 640 480 1165.795571468263 320 240 -1.959384978276915
1906 SIMPLE_RADIAL 640 480 1257.7445477511469 320 240 -2.7814107729292914
1907 SIMPLE_RADIAL 640 480 1320.397627100152 320 240 -3.0619699228499964
1908 SIMPLE_RADIAL 640 480 1164.5236259341584 320 240 -1.9705648905588562
1909 SIMPLE_RADIAL 640 480 902.58622234534141 320 240 -0.79424962208391314
1910 SIMPLE_RADIAL 640 480 1176.1723976295143 320 240 -1.3060240840060691
1911 SIMPLE_RADIAL 640 480 1206.8793778242198 320 240 -1.4009808788706972
1912 SIMPLE_RADIAL 640 480 1238.2776421877909 320 240 -1.4751965697216569
1913 SIMPLE_RADIAL 640 480 280.29245480178827 320 240 -0.0836520353346972
1914 SIMPLE_RADIAL 640 480 280.47175443422566 320 240 -0.083736970325301613
1915 SIMPLE_RADIAL 640 480 1344.2458672982241 320 240 -1.7107616320016208
1916 SIMPLE_RADIAL 640 480 1378.9788422731062 320 240 -1.7972625845458965
1917 SIMPLE_RADIAL 640 480 1433.8978592246251 320 240 -1.9734636769798102
1918 SIMPLE_RADIAL 640 480 1498.4903045124479 320 240 -2.1771082750964177
1919 SIMPLE_RADIAL 640 480 1573.169396216281 320 240 -2.4290088525076907
1920 SIMPLE_RADIAL 640 480 1647.7876661896523 320 240 -2.6997625836176549
1921 SIMPLE_RADIAL 640 480 1756.1308305288248 320 240 -3.1116013413013239
1922 SIMPLE_RADIAL 640 480 1877.7816436327594 320 240 -3.6664353414534188
1923 SIMPLE_RADIAL 640 480 1953.6182062373914 320 240 -4.0305807452754641
1924 SIMPLE_RADIAL 640 480 2189.6877429058713 320 240 -5.340879223629087
1925 SIMPLE_RADIAL 640 480 280.1068149352655 320 240 -0.083358165412938778
1926 SIMPLE_RADIAL 640 480 2351.843190403863 320 240 -6.2977140250594541
1927 SIMPLE_RADIAL 640 480 2575.7748469692083 320 240 -7.8126301621882082
1928 SIMPLE_RADIAL 640 480 2852.932603112768 320 240 -9.7946731769048423
1929 SIMPLE_RADIAL 640 480 3243.4327309187256 320 240 -12.94354857554054
1930 SIMPLE_RADIAL 640 480 3747.3266412998896 320 240 -17.758725917815411
1931 SIMPLE_RADIAL 640 480 4396.0067945109658 320 240 -24.903640455549219
1932 SIMPLE_RADIAL 640 480 5319.0832900459445 320 240 -37.042559869947112
1936 SIMPLE_RADIAL 640 480 280.1932813831412 320 240 -0.083387333709618428
1938 SIMPLE_RADIAL 640 480 6134.882280185022 320 240 -62.732569867261127
1939 SIMPLE_RADIAL 640 480 6057.2221584751323 320 240 -62.542148721611746
1940 SIMPLE_RADIAL 640 480 5847.1657697451419 320 240 -58.849272993934683
1941 SIMPLE_RADIAL 640 480 5630.8078360033996 320 240 -55.02985631296071
1944 SIMPLE_RADIAL 640 480 5545.3038392263188 320 240 -46.177475668076852
1945 SIMPLE_RADIAL 640 480 5266.4107778981679 320 240 -42.590207619336418
1946 SIMPLE_RADIAL 640 480 4726.0638166187409 320 240 -35.664142464074985
1947 SIMPLE_RADIAL 640 480 280.37253720757116 320 240 -0.083670079407165185
1948 SIMPLE_RADIAL 640 480 4366.5307137085192 320 240 -31.855389438390418
1949 SIMPLE_RADIAL 640 480 4081.8563214597061 320 240 -29.321836152223824
1950 SIMPLE_RADIAL 640 480 3803.9365842504153 320 240 -26.837395999423666
1951 SIMPLE_RADIAL 640 480 3718.9276008919669 320 240 -26.229850554316467
1952 SIMPLE_RADIAL 640 480 3588.3939931264481 320 240 -26.12187103040133
1953 SIMPLE_RADIAL 640 480 2948.5765216096047 320 240 -23.655004828495926
1954 SIMPLE_RADIAL 640 480 3300.2446334782203 320 240 -17.495942242875564
1958 SIMPLE_RADIAL 640 480 280.22769812634658 320 240 -0.083449759761421494
1969 SIMPLE_RADIAL 640 480 1070.433669368068 320 240 -0.90542299636363444
1980 SIMPLE_RADIAL 640 480 868.57123058260709 320 240 -0.59307620006874295
1991 SIMPLE_RADIAL 640 480 860.2440327100536 320 240 -0.57738558951592533
2002 SIMPLE_RADIAL 640 480 857.74413382596333 320 240 -0.57878362332285616
2013 SIMPLE_RADIAL 640 480 869.08779983705392 320 240 -0.59501942501059035
2024 SIMPLE_RADIAL 640 480 856.95369132063513 320 240 -0.57812872219788458
2025 SIMPLE_RADIAL 640 480 865.96823868292392 320 240 -0.59163857112514961
2036 SIMPLE_RADIAL 640 480 852.95508966952514 320 240 -0.55506600807432505
2047 SIMPLE_RADIAL 640 480 866.92477965735611 320 240 -0.60010065068029772
2058 SIMPLE_RADIAL 640 480 280.37343653042348 320 240 -0.083536960670484856
2080 SIMPLE_RADIAL 640 480 866.37792893964775 320 240 -0.58767778694957717
2091 SIMPLE_RADIAL 640 480 873.00135069379701 320 240 -0.59863229522774963
2102 SIMPLE_RADIAL 640 480 854.98397811704137 320 240 -0.56262659369351831
2113 SIMPLE_RADIAL 640 480 856.92224716419867 320 240 -0.57783493837170541
2124 SIMPLE_RADIAL 640 480 858.55730056335597 320 240 -0.58514216660428819
2135 SIMPLE_RADIAL 640 480 280.12545937224564 320 240 -0.083446890069640539
2136 SIMPLE_RADIAL 640 480 280.3052919228 320 240 -0.083630476889942962
2147 SIMPLE_RADIAL 640 480 280.33102819916473 320 240 -0.083520140677532342
2158 SIMPLE_RADIAL 640 480 280.36341515488016 320 240 -0.083636847934550382
2169 SIMPLE_RADIAL 640 480 280.36788797928551 320 240 -0.083765865195329872
2180 SIMPLE_RADIAL 640 480 858.10209460877365 320 240 -0.57889699590194732
2191 SIMPLE_RADIAL 640 480 852.86526139804016 320 240 -0.55390011528451799
2202 SIMPLE_RADIAL 640 480 867.70573589848664 320 240 -0.60551141982745016
2213 SIMPLE_RADIAL 640 480 855.33260884473134 320 240 -0.56852506858511509
2224 SIMPLE_RADIAL 640 480 872.21350751985028 320 240 -0.60398807925066023
2235 SIMPLE_RADIAL 640 480 856.6102474061496 320 240 -0.5714098732099343
2246 SIMPLE_RADIAL 640 480 855.42639739027959 320 240 -0.57246775291729401
2247 SIMPLE_RADIAL 640 480 856.61732860118946 320 240 -0.57625187847987114
2258 SIMPLE_RADIAL 640 480 857.84492783230223 320 240 -0.57901701400162542
2269 SIMPLE_RADIAL 640 480 858.31447396059332 320 240 -0.57892513359695164
2280 SIMPLE_RADIAL 640 480 854.48326840513039 320 240 -0.56542101811409518
2291 SIMPLE_RADIAL 640 480 855.14109992584645 320 240 -0.5694198015328259
2302 SIMPLE_RADIAL 640 480 853.81042829722924 320 240 -0.56142986664682715
2313 SIMPLE_RADIAL 640 480 863.10443575968338 320 240 -0.58690199025281065
2324 SIMPLE_RADIAL 640 480 856.71244042092849 320 240 -0.57393811696172536
2335 SIMPLE_RADIAL 640 480 856.34662623368956 320 240 -0.57227496194165806
2346 SIMPLE_RADIAL 640 480 861.44732919872342 320 240 -0.58216737986840861
